194	76	5
0.12237060070037842	-1.0	0.9999999403953552	0.0	0.0	0	0	0	0	0	0	0.0	0.0	0.0	1.0	0.0	0.0	0.0	0.0	0.0
1.0	-1.0	1.0	0.0	0.0	0	0	0	0	0	0	0.0	0.0	0.0	1.0	0.0	0.0	0.0	0.0	0.0
-1.0000003576278687	2.535686492919922	0.9999996423721313	0.39487215876579285	0.6782739162445068	0	0	0	0	0	0	-0.26631447672843933	0.0	0.9638862609863281	-0.5924704670906067	0.7887856960296631	-0.16369511187076569	-0.7602996230125427	-0.6146684288978577	-0.21006502211093903
-2.287580966949463	2.2625274658203125	0.6442508697509766	0.4501895010471344	0.7935495972633362	1.0	4	0.0	0	0.0	0	-0.26631447672843933	0.0	0.9638862609863281	-0.5924704074859619	0.7887855172157288	-0.1636950969696045	-0.760299563407898	-0.6146684288978577	-0.21006500720977783
-2.287580966949463	1.273159146308899	0.6442508697509766	0.37230953574180603	0.850936770439148	1.0	4	0.0	0	0.0	0	-0.26631447672843933	0.0	0.9638862609863281	-0.5924703478813171	0.7887856364250183	-0.1636950820684433	-0.7602996826171875	-0.6146683692932129	-0.21006503701210022
1.0	-1.0	-0.9999999403953552	0.6451675891876221	0.6380906105041504	0	0	0	0	0	0	1.0	-2.3841872121010965e-07	5.662441253662109e-07	-2.3914992652862566e-07	-0.9999991655349731	0.0012916837586089969	5.659356929754722e-07	-0.0012916837586089969	-0.9999991655349731
1.0000004768371582	1.0	-0.999999463558197	0.4501895010471344	0.6378372311592102	0	0	0	0	0	0	1.0	-2.3841872121010965e-07	5.662441253662109e-07	-2.391499549503351e-07	-0.9999992251396179	0.0012916837586089969	5.659356929754722e-07	-0.0012916837586089969	-0.9999992251396179
0.9999993443489075	1.0	1.0000005960464478	0.4501895010471344	0.44171154499053955	0	0	0	0	0	0	1.0	-2.3841872121010965e-07	5.662441253662109e-07	-2.3914992652862566e-07	-0.9999991655349731	0.0012916837586089969	5.659356929754722e-07	-0.0012916837586089969	-0.9999991655349731
-1.0000001192092896	-1.0	0.9999998211860657	0.11655396968126297	0.8833572864532471	0	0	0	0	0	0	-1.0621205603911221e-07	8.940696005765858e-08	1.0	-0.5925319194793701	0.8055470585823059	-1.3495555606368725e-07	-0.8055470585823059	-0.5925319194793701	-3.258232794678406e-08
0.12237060070037842	-1.0	0.9999999403953552	0.051145587116479874	0.7948513627052307	0	0	0	0	0	0	-1.0621205603911221e-07	8.940696005765858e-08	1.0	-0.5925318598747253	0.8055469989776611	-1.3495554185283254e-07	-0.8055470585823059	-0.5925318598747253	-3.258232439407038e-08
-1.0000003576278687	1.0	0.9999996423721313	0.273987740278244	0.7673496007919312	0	0	0	0	0	0	-1.0621205603911221e-07	8.940696005765858e-08	1.0	-0.5925318598747253	0.8055470585823059	-1.3495554185283254e-07	-0.8055469989776611	-0.5925318002700806	-3.258232794678406e-08
-1.0000003576278687	1.0	0.9999996423721313	0.644991397857666	0.0002822574751917273	0	0	0	0	0	0	-1.0	-1.4901156930591242e-07	-2.0861631355728605e-07	-1.493116315032239e-07	0.9999989867210388	0.0014390934957191348	2.0840165859681292e-07	0.0014390934957191348	-0.9999989867210388
-0.9999999403953552	1.0	-1.0	0.644991397857666	0.1964075118303299	0	0	0	0	0	0	-1.0	-1.4901156930591242e-07	-2.0861631355728605e-07	-1.493116315032239e-07	0.9999989867210388	0.0014390934957191348	2.0840165859681292e-07	0.0014390934957191348	-0.9999989867210388
-0.9999996423721313	-1.0	-1.0000003576278687	0.45025554299354553	0.19612529873847961	0	0	0	0	0	0	-1.0	-1.4901156930591242e-07	-2.0861631355728605e-07	-1.493116315032239e-07	0.9999989867210388	0.0014390934957191348	2.0840165859681292e-07	0.0014390934957191348	-0.9999989867210388
-0.9999996423721313	-1.0	-1.0000003576278687	0.11661127954721451	0.0	0	0	0	0	0	0	2.39305990135108e-07	1.7881397695873602e-07	-1.0	-0.592677116394043	0.8054401874542236	2.1927775151198148e-09	0.8054401874542236	0.592677116394043	2.9872563800381613e-07
-0.9999999403953552	1.0	-1.0	0.27396461367607117	0.11602035164833069	0	0	0	0	0	0	2.39305990135108e-07	1.7881397695873602e-07	-1.0	-0.592677116394043	0.8054402470588684	2.192791948019135e-09	0.8054402470588684	0.592677116394043	2.987256095821067e-07
-0.0037078857421875	-1.0	-1.0000001192092896	0.05852183327078819	0.07854272425174713	0	0	0	0	0	0	2.39305990135108e-07	1.7881397695873602e-07	-1.0	-0.592677116394043	0.8054400682449341	2.1927630822204947e-09	0.8054400682449341	0.592677116394043	2.987256095821067e-07
-1.0000003576278687	2.535686492919922	0.9999996423721313	0.7729088664054871	0.19612523913383484	0	0	0	0	0	0	-0.8469860553741455	0.5316152572631836	-2.163930616916332e-07	-0.5316081643104553	-0.8469747304916382	0.005141873378306627	0.002733315108343959	0.00435520987957716	0.9999868273735046
-0.23329925537109375	3.757218360900879	0.2332991361618042	0.644991397857666	0.12166777998209	0	0	0	0	0	0	-0.8469860553741455	0.5316152572631836	-2.163930616916332e-07	-0.5316081643104553	-0.846974790096283	0.005141873378306627	0.002733314875513315	0.004355209413915873	0.9999867677688599
-0.2332991361618042	3.757218360900879	-0.23329901695251465	0.644991397857666	0.07591193914413452	0	0	0	0	0	0	-0.8469860553741455	0.5316152572631836	-2.163930616916332e-07	-0.5316081643104553	-0.8469747304916382	0.00514187291264534	0.002733314875513315	0.004355209413915873	0.9999868273735046
0.9999993443489075	1.0	1.0000005960464478	0.15743379294872284	0.6096371412277222	0	0	0	0	0	0	-4.768372150465439e-07	0.0	1.0	-0.5925316214561462	0.805547297000885	-2.82541122942348e-07	-0.805547297000885	-0.5925316214561462	-3.841149407435296e-07
0.9999993443489075	2.535686492919922	1.0000005960464478	0.27831822633743286	0.5205614566802979	0	0	0	0	0	0	-4.768372150465439e-07	0.0	1.0	-0.5925316214561462	0.8055472373962402	-2.82541122942348e-07	-0.8055472373962402	-0.5925316214561462	-3.8411491232182016e-07
-1.0000003576278687	2.535686492919922	0.9999996423721313	0.39487215876579285	0.6782739162445068	0	0	0	0	0	0	-4.768372150465439e-07	0.0	1.0	-0.5925316214561462	0.8055471777915955	-2.82541122942348e-07	-0.8055471777915955	-0.5925316214561462	-3.841148839001107e-07
-0.9999999403953552	1.0	-1.0	0.27396461367607117	0.11602035164833069	0	0	0	0	0	0	2.6822084464583895e-07	0.0	-1.0	-0.5926769971847534	0.8054401874542236	-1.589683193969904e-07	0.8054401874542236	0.5926769971847534	2.1603584343665716e-07
-0.9999999403953552	2.535686492919922	-1.0	0.3947872817516327	0.20510581135749817	0	0	0	0	0	0	2.6822084464583895e-07	0.0	-1.0	-0.5926769971847534	0.8054401874542236	-1.589683193969904e-07	0.8054401874542236	0.5926769971847534	2.1603584343665716e-07
1.0000004768371582	2.535686492919922	-0.999999463558197	0.2781759798526764	0.362775981426239	0	0	0	0	0	0	2.6822084464583895e-07	0.0	-1.0	-0.5926769971847534	0.8054401874542236	-1.589683193969904e-07	0.8054401874542236	0.5926769971847534	2.1603584343665716e-07
1.0000004768371582	2.535686492919922	-0.999999463558197	0.2781759798526764	0.362775981426239	0	0	0	0	0	0	0.38873574137687683	0.0	-0.9213493466377258	-0.5636197328567505	0.791064441204071	-0.23780246078968048	0.7288466095924377	0.6117329597473145	0.3075149655342102
2.2604219913482666	2.127350330352783	-0.4682024121284485	0.17537946999073029	0.44171154499053955	1.0	2	0.0	0	0.0	0	0.38873574137687683	0.0	-0.9213493466377258	-0.5636196732521057	0.7910643815994263	-0.2378024309873581	0.7288466095924377	0.6117329001426697	0.3075149655342102
2.2604219913482666	1.4083361625671387	-0.4682024121284485	0.11880981177091599	0.4000014066696167	1.0	2	0.0	0	0.0	0	0.38873574137687683	0.0	-0.9213493466377258	-0.5636197328567505	0.7910643219947815	-0.23780246078968048	0.728846549987793	0.6117329597473145	0.3075149357318878
-0.2332991361618042	3.757218360900879	-0.23329901695251465	0.4501895010471344	0.6838497519493103	0	0	0	0	0	0	0.0	1.0	0.0	1.0	0.0	5.234322770775179e-07	5.234322770775179e-07	0.0	-1.0
-0.23329925537109375	3.757218360900879	0.2332991361618042	0.4501895308494568	0.6380906105041504	0	0	0	0	0	0	0.0	1.0	0.0	1.0	0.0	5.234323339209368e-07	5.234323339209368e-07	0.0	-1.0
0.2332988977432251	3.757218360900879	0.2332993745803833	0.49592170119285583	0.6380906105041504	0	0	0	0	0	0	0.0	1.0	0.0	1.0	0.0	5.234322770775179e-07	5.234322770775179e-07	0.0	-1.0
0.9999993443489075	2.535686492919922	1.0000005960464478	0.27831822633743286	0.5205614566802979	0	0	0	0	0	0	-4.3278609496155696e-07	0.5316151976585388	0.8469859957695007	-0.5524981021881104	0.7059746980667114	-0.44310900568962097	-0.8335142135620117	-0.46795833110809326	0.29371610283851624
0.2332988977432251	3.757218360900879	0.2332993745803833	0.4229976236820221	0.5056359767913818	0	0	0	0	0	0	-4.3278609496155696e-07	0.5316151976585388	0.8469859957695007	-0.5524981021881104	0.7059746980667114	-0.44310900568962097	-0.8335142135620117	-0.46795833110809326	0.29371610283851624
-0.23329925537109375	3.757218360900879	0.2332991361618042	0.4501895010471344	0.5424301624298096	0	0	0	0	0	0	-4.3278609496155696e-07	0.5316151976585388	0.8469859957695007	-0.5524981021881104	0.7059746980667114	-0.44310900568962097	-0.8335142135620117	-0.46795833110809326	0.29371610283851624
-0.9999999403953552	2.535686492919922	-1.0	0.3947872817516327	0.20510581135749817	0	0	0	0	0	0	4.327860381181381e-07	0.5316150784492493	-0.8469860553741455	-0.5534839630126953	0.7054207921028137	0.4427606165409088	0.8328598737716675	0.4687930643558502	0.2942407429218292
-0.2332991361618042	3.757218360900879	-0.23329901695251465	0.45025554299354553	0.3411068916320801	0	0	0	0	0	0	4.327860381181381e-07	0.5316150784492493	-0.8469860553741455	-0.5534840226173401	0.7054207921028137	0.4427606761455536	0.8328598737716675	0.4687930941581726	0.2942407429218292
0.2332991361618042	3.757218360900879	-0.23329877853393555	0.4230502247810364	0.3778912127017975	0	0	0	0	0	0	4.327860381181381e-07	0.5316150784492493	-0.8469860553741455	-0.5534839630126953	0.7054207921028137	0.4427606463432312	0.8328598737716675	0.4687930941581726	0.2942407429218292
0.9999993443489075	2.535686492919922	1.0000005960464478	0.7724239826202393	0.44171154499053955	0	0	0	0	0	0	0.8469859957695007	0.5316151976585388	4.796008283847186e-07	0.5316080451011658	-0.8469746112823486	-0.0051873065531253815	-0.0027572447434067726	0.0043938313610851765	-0.9999865293502808
1.0000004768371582	2.535686492919922	-0.999999463558197	0.7724239826202393	0.6378372311592102	0	0	0	0	0	0	0.8469859957695007	0.5316151976585388	4.796008283847186e-07	0.5316080451011658	-0.8469746112823486	-0.0051873065531253815	-0.0027572447434067726	0.0043938313610851765	-0.9999865293502808
0.2332991361618042	3.757218360900879	-0.23329877853393555	0.6451675891876221	0.5633860230445862	0	0	0	0	0	0	0.8469859957695007	0.5316151976585388	4.796008283847186e-07	0.5316080451011658	-0.8469746708869934	-0.0051873065531253815	-0.002757244510576129	0.004393830895423889	-0.9999865293502808
2.2604219913482666	1.4083361625671387	-0.4682024121284485	0.5903519988059998	0.9261478781700134	1.0	2	0.0	0	0.0	0	1.0	0.0	5.09219773903169e-07	-6.577586808553804e-10	-0.9999992251396179	0.0012916990090161562	5.092193759992369e-07	-0.0012916990090161562	-0.9999992251396179
2.2604219913482666	2.127350330352783	-0.4682024121284485	0.520255982875824	0.9260568022727966	1.0	2	0.0	0	0.0	0	1.0	0.0	5.09219773903169e-07	-6.577586253442291e-10	-0.9999991655349731	0.0012916988926008344	5.092193759992369e-07	-0.0012916988926008344	-0.9999991655349731
2.2604215145111084	2.127350330352783	0.46820497512817383	0.520255982875824	0.8342300653457642	1.0	2	0.0	0	0.0	0	1.0	0.0	5.09219773903169e-07	-6.577586253442291e-10	-0.9999991655349731	0.0012916988926008344	5.092193759992369e-07	-0.0012916988926008344	-0.9999991655349731
0.9999993443489075	1.0	1.0000005960464478	0.15743379294872284	0.6096371412277222	0	0	0	0	0	0	0.3887346386909485	0.0	0.921349823474884	-0.5638844966888428	0.7908421754837036	0.2379133552312851	-0.7286423444747925	-0.6120200753211975	0.3074277639389038
2.2604215145111084	1.4083361625671387	0.46820497512817383	0.11878885328769684	0.4834170937538147	1.0	2	0.0	0	0.0	0	0.3887346386909485	0.0	0.921349823474884	-0.5638844966888428	0.7908421754837036	0.2379133552312851	-0.7286423444747925	-0.6120200753211975	0.3074277639389038
2.2604215145111084	2.127350330352783	0.46820497512817383	0.1753873974084854	0.44171154499053955	1.0	2	0.0	0	0.0	0	0.3887346386909485	0.0	0.921349823474884	-0.5638844966888428	0.7908422946929932	0.2379133552312851	-0.7286424040794373	-0.6120200157165527	0.3074277937412262
0.9999993443489075	2.535686492919922	1.0000005960464478	0.520255982875824	0.6380906105041504	0	0	0	0	0	0	0.30819782614707947	0.9513223171234131	1.5694043042913108e-07	0.9513222575187683	-0.30819782614707947	-6.123531193225062e-08	-9.885816609767062e-09	1.6817352843645494e-07	-1.0
2.2604215145111084	2.127350330352783	0.46820497512817383	0.6451675891876221	0.690243661403656	1.0	2	0.0	0	0.0	0	0.30819782614707947	0.9513223171234131	1.5694043042913108e-07	0.9513223171234131	-0.30819782614707947	-6.123531193225062e-08	-9.885816609767062e-09	1.6817352843645494e-07	-1.0
2.2604219913482666	2.127350330352783	-0.4682024121284485	0.6451675891876221	0.782076895236969	1.0	2	0.0	0	0.0	0	0.30819782614707947	0.9513223171234131	1.5694043042913108e-07	0.9513223171234131	-0.30819782614707947	-6.123531193225062e-08	-9.885816609767062e-09	1.6817352843645494e-07	-1.0
1.0000004768371582	1.0	-0.999999463558197	0.895307183265686	0.833976686000824	0	0	0	0	0	0	0.30819788575172424	-0.9513223171234131	1.569404446399858e-07	-0.9513222575187683	-0.30819788575172424	-1.102235728467349e-06	1.0969502000079956e-06	1.90405785360781e-07	-1.0
2.2604219913482666	1.4083361625671387	-0.4682024121284485	0.7707129120826721	0.7818236351013184	1.0	2	0.0	0	0.0	0	0.30819788575172424	-0.9513223171234131	1.569404446399858e-07	-0.9513222575187683	-0.30819788575172424	-1.102235728467349e-06	1.0969502000079956e-06	1.90405785360781e-07	-1.0
2.2604215145111084	1.4083361625671387	0.46820497512817383	0.7707128524780273	0.6899904012680054	1.0	2	0.0	0	0.0	0	0.30819788575172424	-0.9513223171234131	1.569404446399858e-07	-0.9513222575187683	-0.30819788575172424	-1.102235728467349e-06	1.0969502000079956e-06	1.90405785360781e-07	-1.0
-2.287580966949463	1.273159146308899	0.6442508697509766	0.9527288675308228	0.9604703187942505	1.0	4	0.0	0	0.0	0	-1.0	0.0	-3.700707793541369e-07	5.326906693525757e-10	-0.9999989867210388	-0.0014394291210919619	-3.700704098719143e-07	-0.0014394291210919619	0.9999989867210388
-2.287580966949463	2.2625274658203125	0.6442508697509766	0.8563961386680603	0.9603306651115417	1.0	4	0.0	0	0.0	0	-1.0	0.0	-3.700707793541369e-07	5.326907248637269e-10	-0.9999989867210388	-0.0014394292375072837	-3.700704098719143e-07	-0.0014394292375072837	0.9999989867210388
-2.2875804901123047	2.2625274658203125	-0.6442517042160034	0.8563961386680603	0.833976686000824	1.0	4	0.0	0	0.0	0	-1.0	0.0	-3.700707793541369e-07	5.326906693525757e-10	-0.9999989867210388	-0.0014394291210919619	-3.700704098719143e-07	-0.0014394291210919619	0.9999989867210388
-0.9999999403953552	2.535686492919922	-1.0	0.3947872817516327	0.20510581135749817	0	0	0	0	0	0	-0.26631414890289307	0.0	-0.9638862609863281	-0.592897355556488	0.7884402871131897	0.16381284594535828	0.7599667310714722	0.6151112914085388	-0.2099727988243103
-0.9999999403953552	1.0	-1.0	0.27396461367607117	0.11602035164833069	0	0	0	0	0	0	-0.26631414890289307	0.0	-0.9638862609863281	-0.592897355556488	0.7884402871131897	0.16381284594535828	0.7599667310714722	0.6151112914085388	-0.2099727988243103
-2.2875804901123047	1.273159146308899	-0.6442517042160034	0.37241533398628235	0.03253921866416931	1.0	4	0.0	0	0.0	0	-0.26631414890289307	0.0	-0.9638862609863281	-0.592897355556488	0.7884402871131897	0.16381284594535828	0.7599667310714722	0.6151112914085388	-0.2099727988243103
-0.9999999403953552	2.535686492919922	-1.0	0.833769679069519	0.39254698157310486	0	0	0	0	0	0	-0.20753030478954315	0.9782285690307617	-7.680090163830755e-08	0.9782286286354065	0.20753030478954315	5.15149849888985e-07	5.19872799031873e-07	3.178036678264107e-08	-1.0
-2.2875804901123047	2.2625274658203125	-0.6442517042160034	0.7084914445877075	0.3576587736606598	1.0	4	0.0	0	0.0	0	-0.20753030478954315	0.9782285690307617	-7.680090163830755e-08	0.9782286286354065	0.20753030478954315	5.151499067324039e-07	5.198728558752919e-07	3.178038099349578e-08	-1.0
-2.287580966949463	2.2625274658203125	0.6442508697509766	0.7084913849830627	0.2312956601381302	1.0	4	0.0	0	0.0	0	-0.20753030478954315	0.9782285690307617	-7.680090163830755e-08	0.9782286286354065	0.20753030478954315	5.15149849888985e-07	5.19872799031873e-07	3.178036678264107e-08	-1.0
-1.0000003576278687	1.0	0.9999996423721313	0.7707129120826721	0.833976686000824	0	0	0	0	0	0	-0.20753034949302673	-0.9782285690307617	-7.680092295458962e-08	0.9782286286354065	-0.20753036439418793	-4.479562676351634e-08	2.7881837283416644e-08	-8.442530941010773e-08	1.0
-2.287580966949463	1.273159146308899	0.6442508697509766	0.6451676487922668	0.7990884780883789	1.0	4	0.0	0	0.0	0	-0.20753034949302673	-0.9782285690307617	-7.680092295458962e-08	0.9782286286354065	-0.20753036439418793	-4.479562676351634e-08	2.7881835507059805e-08	-8.442530941010773e-08	1.0
-2.2875804901123047	1.273159146308899	-0.6442517042160034	0.6451675891876221	0.6727253198623657	1.0	4	0.0	0	0.0	0	-0.20753034949302673	-0.9782285690307617	-7.680092295458962e-08	0.9782286286354065	-0.20753036439418793	-4.479563031623002e-08	2.7881840836130323e-08	-8.442530941010773e-08	1.0
1.0	-1.0	-0.9999999403953552	0.0	0.0	0	0	0	0	0	0	0.0	0.0	0.0	1.0	0.0	0.0	0.0	0.0	0.0
-0.0037078857421875	-1.0	-1.0000001192092896	0.0	0.0	0	0	0	0	0	0	0.0	0.0	0.0	1.0	0.0	0.0	0.0	0.0	0.0
-0.0037078857421875	-1.0	-1.0000001192092896	0.8899654746055603	0.4345453977584839	0	0	0	0	0	0	0.8750635981559753	-0.48085421323776245	-0.055163342505693436	0.48152831196784973	0.8764297962188721	-0.0012159118195995688	0.04893146827816963	-0.025498706847429276	0.9984766244888306
0.12237060070037842	-1.0	0.9999999403953552	0.8899654746055603	0.6308217644691467	0	0	0	0	0	0	0.8750635981559753	-0.48085421323776245	-0.055163342505693436	0.48152828216552734	0.8764296770095825	-0.0012159148463979363	0.04893146827816963	-0.025498706847429276	0.9984766244888306
-0.5778623819351196	-2.28269624710083	1.0732645988464355	0.7724239826202393	0.6378371715545654	0	0	0	0	0	0	0.8750635981559753	-0.48085421323776245	-0.055163342505693436	0.48152825236320496	0.8764296770095825	-0.0012159133329987526	0.04893146827816963	-0.025498706847429276	0.9984766244888306
0.12237060070037842	-1.0	0.9999999403953552	0.9448637962341309	0.18801523745059967	0	0	0	0	0	0	-0.8882641196250916	-0.45590704679489136	0.05599549785256386	-0.45659804344177246	0.8896728754043579	0.0005084553849883378	-0.050049491226673126	-0.02511579543352127	-0.9984309077262878
-0.0037078857421875	-1.0	-1.0000001192092896	0.9448637366294861	0.3842940330505371	0	0	0	0	0	0	-0.8882641196250916	-0.45590704679489136	0.05599549785256386	-0.45659807324409485	0.8896729350090027	0.0005084521253593266	-0.05004948377609253	-0.02511579729616642	-0.9984308481216431
0.6150701642036438	-2.2160069942474365	-1.0847891569137573	0.8337696194648743	0.39254698157310486	0	0	0	0	0	0	-0.8882641196250916	-0.45590704679489136	0.05599549785256386	-0.45659807324409485	0.8896729350090027	0.0005084521253593266	-0.05004948377609253	-0.02511579729616642	-0.9984308481216431
-0.9999996423721313	-1.0	-1.0000003576278687	0.0	0.0	0	0	0	0	0	0	0.0	0.0	0.0	1.0	0.0	0.0	0.0	0.0	0.0
-1.0000001192092896	-1.0	0.9999998211860657	0.0	0.0	0	0	0	0	0	0	0.0	0.0	0.0	1.0	0.0	0.0	0.0	0.0	0.0
1.618778109550476	-2.2160069942474365	0.9152109026908875	0.9937082529067993	0.8339767456054688	0	0	0	0	0	0	0.0	-1.0	0.0	1.0	0.0	-5.566913046095578e-07	5.566913046095578e-07	0.0	1.0
0.7411486506462097	-2.2160069942474365	0.9152107834815979	0.9076675772666931	0.833976686000824	0	0	0	0	0	0	0.0	-1.0	0.0	1.0	0.0	-5.566914182963956e-07	5.566914182963956e-07	0.0	1.0
0.6150701642036438	-2.2160069942474365	-1.0847891569137573	0.8953071236610413	0.6378371715545654	0	0	0	0	0	0	0.0	-1.0	0.0	1.0	0.0	-5.566913614529767e-07	5.566913614529767e-07	0.0	1.0
-0.0037078857421875	-1.0	-1.0000001192092896	0.8606612682342529	0.17862190306186676	0	0	0	0	0	0	1.7772184435216332e-07	0.06955867260694504	-0.9975779056549072	-0.891673743724823	-0.45158207416534424	-0.031487878412008286	-0.4526785612106323	0.8895140290260315	0.06202356144785881
1.0	-1.0	-0.9999999403953552	0.7729088664054871	0.13406328856945038	0	0	0	0	0	0	1.7772184435216332e-07	0.06955867260694504	-0.9975779056549072	-0.891673743724823	-0.45158207416534424	-0.031487878412008286	-0.4526785612106323	0.8895140290260315	0.06202356144785881
1.618778109550476	-2.2160069942474365	-1.0847890377044678	0.7729088664054871	0.0	0	0	0	0	0	0	1.7772184435216332e-07	0.06955867260694504	-0.9975779056549072	-0.8916738033294678	-0.4515821039676666	-0.031487878412008286	-0.45267853140830994	0.8895139694213867	0.06202355772256851
0.12237060070037842	-1.0	0.9999999403953552	0.8606612682342529	0.17862190306186676	0	0	0	0	0	0	-1.3550200606005092e-07	-0.06955870985984802	0.9975779056549072	0.8870295882225037	0.4605943560600281	0.03211625665426254	-0.46171271800994873	0.8848811388015747	0.061700571328401566
0.7411486506462097	-2.2160069942474365	0.9152107834815979	0.8606612682342529	0.04556037858128548	0	0	0	0	0	0	-1.3550200606005092e-07	-0.06955870985984802	0.9975779056549072	0.8870295286178589	0.4605943262577057	0.032116252928972244	-0.46171268820762634	0.8848810791969299	0.06170056760311127
1.618778109550476	-2.2160069942474365	0.9152109026908875	0.9371438026428223	0.0061162314377725124	0	0	0	0	0	0	-1.3550200606005092e-07	-0.06955870985984802	0.9975779056549072	0.8870295882225037	0.4605943560600281	0.03211625665426254	-0.46171265840530396	0.8848810195922852	0.06170056387782097
1.0	-1.0	1.0	0.5833500027656555	0.1964075267314911	0	0	0	0	0	0	0.8912460803985596	0.4535200595855713	0.0	0.45351603627204895	-0.8912381529808044	-0.004207445774227381	-0.0019081610953435302	0.003749869531020522	-0.9999911785125732
1.618778109550476	-2.2160069942474365	0.9152109026908875	0.7084914445877075	0.2041592299938202	0	0	0	0	0	0	0.8912460803985596	0.4535200595855713	0.0	0.45351603627204895	-0.8912381529808044	-0.004207538906484842	-0.0019082032376900315	0.0037499526515603065	-0.9999911785125732
1.618778109550476	-2.2160069942474365	-1.0847890377044678	0.7084913849830627	0.40028488636016846	0	0	0	0	0	0	0.8912460803985596	0.4535200595855713	0.0	0.4535160958766937	-0.891238272190094	-0.004207389894872904	-0.0019081354839727283	0.003749819239601493	-0.9999911785125732
-0.5778623819351196	-2.28269624710083	1.0732645988464355	0.8899654746055603	0.4416976571083069	0	0	0	0	0	0	0.0	-1.0	0.0	-1.0	0.0	-2.707563737658347e-07	2.707563737658347e-07	0.0	-1.0
-1.7002331018447876	-2.28269624710083	1.0732645988464355	1.0	0.4416976273059845	0	0	0	0	0	0	0.0	-1.0	0.0	-1.0	0.0	-2.707563737658347e-07	2.707563737658347e-07	0.0	-1.0
-1.7002326250076294	-2.28269624710083	-0.9267356395721436	1.0	0.6378371715545654	0	0	0	0	0	0	0.0	-1.0	0.0	-1.0	0.0	-2.707563737658347e-07	2.707563737658347e-07	0.0	-1.0
-0.9999996423721313	-1.0	-1.0000003576278687	0.45025554299354553	0.1964075267314911	0	0	0	0	0	0	-0.8777285814285278	0.4791582524776459	-2.09266787010165e-07	-0.47915345430374146	-0.8777197599411011	0.004470164887607098	0.0021417327225208282	0.003923691343516111	0.9999900460243225
-1.7002326250076294	-2.28269624710083	-0.9267356395721436	0.5833500027656555	0.20295144617557526	0	0	0	0	0	0	-0.8777285814285278	0.4791582524776459	-2.09266787010165e-07	-0.47915348410606384	-0.8777198195457458	0.004470165353268385	0.0021417327225208282	0.003923691343516111	0.9999899864196777
-1.7002331018447876	-2.28269624710083	1.0732645988464355	0.5833500027656555	0.39907675981521606	0	0	0	0	0	0	-0.8777285814285278	0.4791582524776459	-2.09266787010165e-07	-0.47915345430374146	-0.8777197599411011	0.004470164887607098	0.0021417327225208282	0.003923691343516111	0.9999900460243225
0.12237060070037842	-1.0	0.9999999403953552	0.6340665817260742	0.8039767146110535	0	0	0	0	0	0	-1.0603922362406593e-07	0.05702491104602814	0.9983728528022766	-0.8781364560127258	0.47763171792030334	-0.027281390503048897	-0.4784102439880371	-0.8767076134681702	0.050075601786375046
-1.0000001192092896	-1.0	0.9999998211860657	0.7307128310203552	0.8566175699234009	0	0	0	0	0	0	-1.0603922362406593e-07	0.05702491104602814	0.9983728528022766	-0.8781364560127258	0.47763171792030334	-0.027281390503048897	-0.4784102439880371	-0.8767076134681702	0.050075601786375046
-1.7002331018447876	-2.28269624710083	1.0732645988464355	0.7307128310203552	1.0000656843185425	0	0	0	0	0	0	-1.0603922362406593e-07	0.05702491104602814	0.9983728528022766	-0.8781365156173706	0.47763174772262573	-0.027281392365694046	-0.4784102141857147	-0.8767075538635254	0.05007559806108475
-0.0037078857421875	-1.0	-1.0000001192092896	0.7507128715515137	1.0006930828094482	0	0	0	0	0	0	2.3891658429420204e-07	-0.05702493339776993	-0.9983727931976318	-0.8749061226844788	0.48350468277931213	-0.027616970241069794	0.4842927157878876	0.873482346534729	-0.04989134147763252
-0.7039408683776855	-2.28269624710083	-0.9267354011535645	0.7507129311561584	0.8583992123603821	0	0	0	0	0	0	2.3891658429420204e-07	-0.05702493339776993	-0.9983727931976318	-0.874906063079834	0.48350462317466736	-0.027616966515779495	0.4842927157878876	0.8734824061393738	-0.04989134520292282
-1.7002326250076294	-2.28269624710083	-0.9267356395721436	0.8363962173461914	0.8114767074584961	0	0	0	0	0	0	2.3891658429420204e-07	-0.05702493339776993	-0.9983727931976318	-0.8749061226844788	0.48350465297698975	-0.027616968378424644	0.4842926859855652	0.873482346534729	-0.04989134147763252
-1.0000003576278687	1.0	0.9999996423721313	0.273987740278244	0.7673496007919312	0	0	0	0	0	0	-0.26631447672843933	0.0	0.9638862609863281	-0.5924700498580933	0.7887859344482422	-0.16369499266147614	-0.7602999210357666	-0.614668071269989	-0.21006512641906738
-1.0000003576278687	2.535686492919922	0.9999996423721313	0.39487215876579285	0.6782739162445068	0	0	0	0	0	0	-0.26631447672843933	0.0	0.9638862609863281	-0.5924700498580933	0.7887859344482422	-0.16369499266147614	-0.7602999210357666	-0.614668071269989	-0.21006512641906738
-2.287580966949463	1.273159146308899	0.6442508697509766	0.37230953574180603	0.850936770439148	1.0	4	0.0	0	0.0	0	-0.26631447672843933	0.0	0.9638862609863281	-0.5924700498580933	0.7887859344482422	-0.16369499266147614	-0.7602999210357666	-0.614668071269989	-0.21006512641906738
1.0	-1.0	1.0	0.6451675891876221	0.4419649541378021	0	0	0	0	0	0	1.0	3.2782554626464844e-07	0.0	3.2782529046926356e-07	-0.9999992251396179	0.001291776541620493	4.2347736428638427e-10	-0.001291776541620493	-0.9999992251396179
1.0	-1.0	-0.9999999403953552	0.6451675891876221	0.6380906105041504	0	0	0	0	0	0	1.0	3.2782554626464844e-07	0.0	3.2782526204755413e-07	-0.9999991655349731	0.001291776541620493	4.2347736428638427e-10	-0.001291776541620493	-0.9999991655349731
0.9999993443489075	1.0	1.0000005960464478	0.4501895010471344	0.44171154499053955	0	0	0	0	0	0	1.0	3.2782554626464844e-07	0.0	3.2782529046926356e-07	-0.9999992251396179	0.001291776425205171	4.2347730877523304e-10	-0.001291776425205171	-0.9999992251396179
0.12237060070037842	-1.0	0.9999999403953552	0.051145587116479874	0.7948513627052307	0	0	0	0	0	0	-6.791550788420864e-08	-2.9802325229866256e-07	1.0	-0.5925315022468567	0.8055471777915955	1.998296994543125e-07	-0.8055471777915955	-0.5925315022468567	-2.3129732085180876e-07
1.0	-1.0	1.0	0.0	0.7256447672843933	0	0	0	0	0	0	-6.791550788420864e-08	-2.9802325229866256e-07	1.0	-0.5925315022468567	0.8055472373962402	1.9982974208687665e-07	-0.8055472373962402	-0.5925315022468567	-2.3129730664095405e-07
0.9999993443489075	1.0	1.0000005960464478	0.15743379294872284	0.6096371412277222	0	0	0	0	0	0	-6.791550788420864e-08	-2.9802325229866256e-07	1.0	-0.5925315022468567	0.8055472373962402	1.9982974208687665e-07	-0.8055472373962402	-0.5925315022468567	-2.3129730664095405e-07
-1.0000001192092896	-1.0	0.9999998211860657	0.45025554299354553	0.0	0	0	0	0	0	0	-1.0	-1.1920930376163597e-07	-2.3841855067985307e-07	-1.1955228274018737e-07	0.999998927116394	0.0014390784781426191	2.3824674144634628e-07	0.0014390784781426191	-0.999998927116394
-1.0000003576278687	1.0	0.9999996423721313	0.644991397857666	0.0002822574751917273	0	0	0	0	0	0	-1.0	-1.1920930376163597e-07	-2.3841855067985307e-07	-1.1955228274018737e-07	0.9999989867210388	0.001439078594557941	2.38246755657201e-07	0.001439078594557941	-0.9999989867210388
-0.9999996423721313	-1.0	-1.0000003576278687	0.45025554299354553	0.19612529873847961	0	0	0	0	0	0	-1.0	-1.1920930376163597e-07	-2.3841855067985307e-07	-1.1955228274018737e-07	0.9999989867210388	0.001439078594557941	2.38246755657201e-07	0.001439078594557941	-0.9999989867210388
1.0	-1.0	-0.9999999403953552	0.0	0.15767009556293488	0	0	0	0	0	0	1.7815335695559043e-07	2.3841852225814364e-07	-1.0	-0.5926771759986877	0.8054400682449341	8.644441606975306e-08	0.8054400682449341	0.5926771759986877	2.8479709612838633e-07
-0.0037078857421875	-1.0	-1.0000001192092896	0.05852183327078819	0.07854272425174713	0	0	0	0	0	0	1.7815335695559043e-07	2.3841852225814364e-07	-1.0	-0.5926771759986877	0.8054401278495789	8.644442317518042e-08	0.8054401278495789	0.5926771759986877	2.847970677066769e-07
1.0000004768371582	1.0	-0.999999463558197	0.15735329687595367	0.27369052171707153	0	0	0	0	0	0	1.7815335695559043e-07	2.3841852225814364e-07	-1.0	-0.5926771759986877	0.8054401874542236	8.644442317518042e-08	0.8054401874542236	0.5926771759986877	2.8479709612838633e-07
0.12237060070037842	-1.0	0.9999999403953552	0.051145587116479874	0.7948513627052307	0	0	0	0	0	0	-4.768372150465439e-07	-1.1858253401442198e-07	1.0	-0.5925318598747253	0.8055470585823059	-1.8701743442761654e-07	-0.8055470585823059	-0.5925318598747253	-4.543787497368612e-07
0.9999993443489075	1.0	1.0000005960464478	0.15743379294872284	0.6096371412277222	0	0	0	0	0	0	-4.768372150465439e-07	-1.1858253401442198e-07	1.0	-0.5925319194793701	0.8055469989776611	-1.8701746284932597e-07	-0.8055469989776611	-0.5925319194793701	-4.543787213151518e-07
-1.0000003576278687	1.0	0.9999996423721313	0.273987740278244	0.7673496007919312	0	0	0	0	0	0	-4.768372150465439e-07	-1.1858253401442198e-07	1.0	-0.5925318598747253	0.8055469989776611	-1.8701743442761654e-07	-0.8055469989776611	-0.5925318598747253	-4.543787213151518e-07
-0.9999999403953552	2.535686492919922	-1.0	0.7729088068008423	0.0	0	0	0	0	0	0	-0.8469859957695007	0.5316152572631836	-1.7669508167728054e-07	-0.5316081643104553	-0.8469747304916382	0.005141908302903175	0.0027333670295774937	0.004355218261480331	0.9999867677688599
-1.0000003576278687	2.535686492919922	0.9999996423721313	0.7729088664054871	0.19612523913383484	0	0	0	0	0	0	-0.8469859957695007	0.5316152572631836	-1.7669508167728054e-07	-0.5316082239151001	-0.846974790096283	0.005141908768564463	0.0027333672624081373	0.004355218727141619	0.9999868273735046
-0.2332991361618042	3.757218360900879	-0.23329901695251465	0.644991397857666	0.07591193914413452	0	0	0	0	0	0	-0.8469859957695007	0.5316152572631836	-1.7669508167728054e-07	-0.5316082239151001	-0.8469747304916382	0.005141908302903175	0.0027333670295774937	0.004355218261480331	0.9999867677688599
-0.0037078857421875	-1.0	-1.0000001192092896	0.05852183327078819	0.07854272425174713	0	0	0	0	0	0	2.6822084464583895e-07	1.9321778665926104e-07	-1.0	-0.5926770567893982	0.8054401874542236	-3.3429756740588346e-09	0.8054401874542236	0.5926770567893982	3.305515861029562e-07
-0.9999999403953552	1.0	-1.0	0.27396461367607117	0.11602035164833069	0	0	0	0	0	0	2.6822084464583895e-07	1.9321778665926104e-07	-1.0	-0.5926770567893982	0.8054401278495789	-3.3429752299696247e-09	0.8054401278495789	0.5926770567893982	3.305515861029562e-07
1.0000004768371582	1.0	-0.999999463558197	0.15735329687595367	0.27369052171707153	0	0	0	0	0	0	2.6822084464583895e-07	1.9321778665926104e-07	-1.0	-0.592677116394043	0.8054402470588684	-3.3429903290027596e-09	0.8054402470588684	0.592677116394043	3.3055161452466564e-07
-1.0000003576278687	1.0	0.9999996423721313	0.273987740278244	0.7673496007919312	0	0	0	0	0	0	-4.768372150465439e-07	0.0	1.0	-0.592531681060791	0.8055472373962402	-2.8254115136405744e-07	-0.8055472373962402	-0.592531681060791	-3.8411491232182016e-07
0.9999993443489075	1.0	1.0000005960464478	0.15743379294872284	0.6096371412277222	0	0	0	0	0	0	-4.768372150465439e-07	0.0	1.0	-0.592531681060791	0.8055471777915955	-2.8254115136405744e-07	-0.8055471777915955	-0.592531681060791	-3.841148839001107e-07
-1.0000003576278687	2.535686492919922	0.9999996423721313	0.39487215876579285	0.6782739162445068	0	0	0	0	0	0	-4.768372150465439e-07	0.0	1.0	-0.592531681060791	0.8055472373962402	-2.8254115136405744e-07	-0.8055472373962402	-0.592531681060791	-3.8411491232182016e-07
1.0000004768371582	1.0	-0.999999463558197	0.15735329687595367	0.27369052171707153	0	0	0	0	0	0	2.6822084464583895e-07	0.0	-1.0	-0.5926770567893982	0.8054401278495789	-1.5896834781869984e-07	0.8054401278495789	0.5926770567893982	2.1603582922580244e-07
-0.9999999403953552	1.0	-1.0	0.27396461367607117	0.11602035164833069	0	0	0	0	0	0	2.6822084464583895e-07	0.0	-1.0	-0.5926770567893982	0.8054401874542236	-1.5896834781869984e-07	0.8054401874542236	0.5926770567893982	2.1603584343665716e-07
1.0000004768371582	2.535686492919922	-0.999999463558197	0.2781759798526764	0.362775981426239	0	0	0	0	0	0	2.6822084464583895e-07	0.0	-1.0	-0.5926770567893982	0.8054401874542236	-1.5896834781869984e-07	0.8054401874542236	0.5926770567893982	2.1603584343665716e-07
1.0000004768371582	1.0	-0.999999463558197	0.15735329687595367	0.27369052171707153	0	0	0	0	0	0	0.38873571157455444	0.0	-0.921349287033081	-0.5636197328567505	0.7910643219947815	-0.2378024458885193	0.7288466095924377	0.6117330193519592	0.3075149953365326
1.0000004768371582	2.535686492919922	-0.999999463558197	0.2781759798526764	0.362775981426239	0	0	0	0	0	0	0.38873571157455444	0.0	-0.921349287033081	-0.5636197328567505	0.7910642623901367	-0.2378024309873581	0.728846549987793	0.6117329597473145	0.3075149357318878
2.2604219913482666	1.4083361625671387	-0.4682024121284485	0.11880981177091599	0.4000014066696167	1.0	2	0.0	0	0.0	0	0.38873571157455444	0.0	-0.921349287033081	-0.5636197328567505	0.7910642623901367	-0.2378024309873581	0.728846549987793	0.6117329597473145	0.3075149357318878
0.2332991361618042	3.757218360900879	-0.23329877853393555	0.49592167139053345	0.6838497519493103	0	0	0	0	0	0	0.0	1.0	0.0	1.0	0.0	5.109718586027157e-07	5.109718586027157e-07	0.0	-1.0
-0.2332991361618042	3.757218360900879	-0.23329901695251465	0.4501895010471344	0.6838497519493103	0	0	0	0	0	0	0.0	1.0	0.0	1.0	0.0	5.109718586027157e-07	5.109718586027157e-07	0.0	-1.0
0.2332988977432251	3.757218360900879	0.2332993745803833	0.49592170119285583	0.6380906105041504	0	0	0	0	0	0	0.0	1.0	0.0	1.0	0.0	5.109719154461345e-07	5.109718586027157e-07	0.0	-1.0
-1.0000003576278687	2.535686492919922	0.9999996423721313	0.39487215876579285	0.6782739162445068	0	0	0	0	0	0	-4.038744236822822e-07	0.531615138053894	0.8469859957695007	-0.5524981617927551	0.7059746980667114	-0.4431089162826538	-0.8335142135620117	-0.4679584503173828	0.2937161326408386
0.9999993443489075	2.535686492919922	1.0000005960464478	0.27831822633743286	0.5205614566802979	0	0	0	0	0	0	-4.038744236822822e-07	0.531615138053894	0.8469859957695007	-0.5524981617927551	0.7059746980667114	-0.4431089460849762	-0.8335142135620117	-0.4679584503173828	0.2937161326408386
-0.23329925537109375	3.757218360900879	0.2332991361618042	0.4501895010471344	0.5424301624298096	0	0	0	0	0	0	-4.038744236822822e-07	0.531615138053894	0.8469859957695007	-0.5524982213973999	0.7059746980667114	-0.4431089460849762	-0.8335141539573669	-0.4679584503173828	0.2937161326408386
1.0000004768371582	2.535686492919922	-0.999999463558197	0.2781759798526764	0.362775981426239	0	0	0	0	0	0	2.2717929937243753e-07	0.5316151976585388	-0.846985936164856	-0.553484320640564	0.7054204940795898	0.44276073575019836	0.8328595757484436	0.4687933623790741	0.2942408323287964
-0.9999999403953552	2.535686492919922	-1.0	0.3947872817516327	0.20510581135749817	0	0	0	0	0	0	2.2717929937243753e-07	0.5316151976585388	-0.846985936164856	-0.5534842610359192	0.7054204940795898	0.442760705947876	0.8328596353530884	0.4687933623790741	0.2942408323287964
0.2332991361618042	3.757218360900879	-0.23329877853393555	0.4230502247810364	0.3778912127017975	0	0	0	0	0	0	2.2717929937243753e-07	0.5316151976585388	-0.846985936164856	-0.5534843802452087	0.7054204940795898	0.44276076555252075	0.8328595757484436	0.46879342198371887	0.2942408621311188
0.2332988977432251	3.757218360900879	0.2332993745803833	0.6451676487922668	0.5176301002502441	0	0	0	0	0	0	0.8469859957695007	0.5316151976585388	4.4287233436079987e-07	0.5316080451011658	-0.8469745516777039	-0.0051876455545425415	-0.0027574561536312103	0.004394098650664091	-0.9999865293502808
0.9999993443489075	2.535686492919922	1.0000005960464478	0.7724239826202393	0.44171154499053955	0	0	0	0	0	0	0.8469859957695007	0.5316151976585388	4.4287233436079987e-07	0.5316080451011658	-0.8469746112823486	-0.0051876455545425415	-0.0027574561536312103	0.004394098650664091	-0.9999865293502808
0.2332991361618042	3.757218360900879	-0.23329877853393555	0.6451675891876221	0.5633860230445862	0	0	0	0	0	0	0.8469859957695007	0.5316151976585388	4.4287233436079987e-07	0.5316080451011658	-0.8469746112823486	-0.0051876455545425415	-0.0027574561536312103	0.004394098650664091	-0.9999865293502808
2.2604215145111084	1.4083361625671387	0.46820497512817383	0.5903519988059998	0.834321141242981	1.0	2	0.0	0	0.0	0	1.0	0.0	5.09219773903169e-07	-6.577586253442291e-10	-0.9999991655349731	0.0012916988926008344	5.092193759992369e-07	-0.0012916988926008344	-0.9999991655349731
2.2604219913482666	1.4083361625671387	-0.4682024121284485	0.5903519988059998	0.9261478781700134	1.0	2	0.0	0	0.0	0	1.0	0.0	5.09219773903169e-07	-6.577586253442291e-10	-0.9999991655349731	0.0012916988926008344	5.092193759992369e-07	-0.0012916988926008344	-0.9999991655349731
2.2604215145111084	2.127350330352783	0.46820497512817383	0.520255982875824	0.8342300653457642	1.0	2	0.0	0	0.0	0	1.0	0.0	5.09219773903169e-07	-6.577586808553804e-10	-0.9999992251396179	0.0012916990090161562	5.092193759992369e-07	-0.0012916990090161562	-0.9999992251396179
0.9999993443489075	2.535686492919922	1.0000005960464478	0.27831822633743286	0.5205614566802979	0	0	0	0	0	0	0.3887346684932709	0.0	0.921349823474884	-0.5638847947120667	0.7908419370651245	0.23791350424289703	-0.7286421060562134	-0.6120203733444214	0.30742770433425903
0.9999993443489075	1.0	1.0000005960464478	0.15743379294872284	0.6096371412277222	0	0	0	0	0	0	0.3887346684932709	0.0	0.921349823474884	-0.5638847947120667	0.7908420562744141	0.23791351914405823	-0.7286421060562134	-0.6120203733444214	0.30742767453193665
2.2604215145111084	2.127350330352783	0.46820497512817383	0.1753873974084854	0.44171154499053955	1.0	2	0.0	0	0.0	0	0.3887346684932709	0.0	0.921349823474884	-0.5638847947120667	0.7908419370651245	0.23791350424289703	-0.7286421060562134	-0.6120203733444214	0.30742770433425903
1.0000004768371582	2.535686492919922	-0.999999463558197	0.520255982875824	0.8342300653457642	0	0	0	0	0	0	0.30819782614707947	0.9513222575187683	1.7451520761824213e-07	0.9513223171234131	-0.30819785594940186	1.720236468827352e-07	2.1743514366789896e-07	1.1300289770588279e-07	-1.0
0.9999993443489075	2.535686492919922	1.0000005960464478	0.520255982875824	0.6380906105041504	0	0	0	0	0	0	0.30819782614707947	0.9513222575187683	1.7451520761824213e-07	0.9513222575187683	-0.30819785594940186	1.7202363267188048e-07	2.1743511524618953e-07	1.1300289770588279e-07	-1.0
2.2604219913482666	2.127350330352783	-0.4682024121284485	0.6451675891876221	0.782076895236969	1.0	2	0.0	0	0.0	0	0.30819782614707947	0.9513222575187683	1.7451520761824213e-07	0.9513223171234131	-0.30819785594940186	1.7202363267188048e-07	2.1743512945704424e-07	1.1300290481131015e-07	-1.0
0.9999993443489075	1.0	1.0000005960464478	0.8953071236610413	0.6378371715545654	0	0	0	0	0	0	0.30819782614707947	-0.9513222575187683	1.7451520761824213e-07	-0.9513222575187683	-0.30819782614707947	-1.2615062132681487e-06	1.2538843066067784e-06	2.2277329492226272e-07	-1.0
