4918	3436	3
-0.12404578179121017	2.1210224628448486	0.14424565434455872	0.5316585898399353	0.8899683952331543	1.0	2	0.0	0	0.0	0	-7.04390970440727e-07	0.13640937209129333	0.9906525611877441	-1.0	-3.3409731258871034e-05	3.889364961651154e-06	3.362798088346608e-05	-0.9906525611877441	0.13640937209129333
-5.551115123125783e-17	2.123453140258789	0.1439109444618225	0.518634021282196	0.8897109031677246	1.0	2	0.0	0	0.0	0	0.0	-0.6040198802947998	0.7969692945480347	-1.0	-1.3596626558864955e-05	1.8722442973739817e-06	9.705220691103023e-06	-0.7969692945480347	-0.6040198802947998
-0.1250360757112503	2.123453140258789	0.1439109444618225	0.5317625999450684	0.8897107243537903	1.0	2	0.0	0	0.0	0	0.13947485387325287	-0.6337569355964661	0.760854184627533	-1.0	-4.522440576693043e-05	1.6272609855150222e-06	3.370721606188454e-05	-0.7683613896369934	-0.6400163173675537
-0.21014584600925446	2.025831937789917	0.15735283493995667	0.5406989455223083	0.9000574946403503	1.0	2	0.0	0	0.0	0	0.7300539612770081	-0.022439418360590935	0.6830210089683533	-1.0	0.00011965916201006621	2.53835992225504e-06	-0.00011967814498348162	-0.9994648694992065	-0.03270769119262695
-0.18419337272644043	2.097743272781372	0.14745104312896729	0.5379739999771118	0.8924356698989868	1.0	2	0.0	0	0.0	0	-2.2484766759589547e-06	0.13641241192817688	0.9906522035598755	-1.0	-7.831990660633892e-05	8.514924957125913e-06	7.874932634877041e-05	-0.9906522035598755	0.13641241192817688
-0.1860174536705017	2.099550247192383	0.14720222353935242	0.5381655097007751	0.8922441005706787	1.0	2	0.0	0	0.0	0	0.5705525279045105	-0.4456532299518585	0.6898282170295715	-1.0	-0.00013350140943657607	2.2196511054062285e-05	0.00010008497338276356	-0.8399243950843811	-0.5427034497261047
-0.20769211649894714	1.5137914419174194	0.22785791754722595	0.5404413342475891	0.9543285369873047	1.0	2	0.0	0	0.0	0	-2.7795285859610885e-06	0.13640756905078888	0.9906527996063232	-1.0	-9.226576366927475e-05	9.898743883240968e-06	9.275360207539052e-05	-0.990652859210968	0.13640756905078888
-0.21014584600925446	1.7692724466323853	0.19267962872982025	0.5406989455223083	0.9272501468658447	1.0	2	0.0	0	0.0	0	0.7071067094802856	0.09645402431488037	0.7004975080490112	-1.0	-1.2637315194297116e-07	7.921416056433372e-08	1.35997240136021e-07	-0.9906529188156128	0.13640642166137695
-0.21014584600925446	1.5127129554748535	0.22800642251968384	0.5406989455223083	0.9544427990913391	1.0	2	0.0	0	0.0	0	0.730048418045044	0.2062024176120758	0.6515442132949829	-1.0	-0.00016539938224013895	2.360274265811313e-05	0.00016481710190419108	-0.9534458518028259	0.30156436562538147
-0.1250360757112503	1.4150917530059814	0.241448312997818	0.5317625999450684	0.9647898077964783	1.0	2	0.0	0	0.0	0	0.13948115706443787	0.8158138394355774	0.5612423419952393	-1.0	1.3072331057628617e-05	1.2215783726787777e-06	-6.4027435655589215e-06	-0.5667819976806641	0.8238677978515625
-0.18419337272644043	1.4408016204833984	0.23790819942951202	0.5379739999771118	0.9620647430419922	1.0	2	0.0	0	0.0	0	-1.2100315416319063e-06	0.13640476763248444	0.9906532764434814	-1.0	7.503751021431526e-06	-2.2546523723576684e-06	-7.741160516161472e-06	-0.9906532764434814	0.13640476763248444
-0.1860174536705017	1.4389946460723877	0.2381570190191269	0.5381655097007751	0.9622562527656555	1.0	2	0.0	0	0.0	0	0.5705512762069702	0.6155008673667908	0.5437186360359192	-1.0	-3.8279998989310116e-05	3.5201212540414417e-06	2.7982066967524588e-05	-0.662067174911499	0.7494445443153381
0.12404578179121017	1.4175225496292114	0.2411136031150818	0.505609393119812	0.9645325541496277	1.0	2	0.0	0	0.0	0	-1.4015279248269508e-06	0.13641224801540375	0.9906521439552307	-1.0	-1.3353048416320235e-05	4.239546171902475e-07	1.3286058674566448e-05	-0.9906521439552307	0.13641224801540375
-5.551115123125783e-17	1.4150917530059814	0.241448312997818	0.518634021282196	0.9647899866104126	1.0	2	0.0	0	0.0	0	0.0	0.7969458699226379	0.604050874710083	-1.0	-1.5834921214263886e-05	2.1805392407259205e-06	1.1302869097562507e-05	-0.604050874710083	0.7969458699226379
0.1250360757112503	1.4150917530059814	0.241448312997818	0.5055054426193237	0.9647901654243469	1.0	2	0.0	0	0.0	0	-0.13948312401771545	0.8158079981803894	0.5612501502037048	-1.0	9.260302249458618e-06	-4.453389465197688e-06	-8.917638297134545e-06	-0.566791832447052	0.8238610029220581
0.21014584600925446	1.5127129554748535	0.22800642251968384	0.49656903743743896	0.9544434547424316	1.0	2	0.0	0	0.0	0	-0.7300468683242798	0.2062026709318161	0.6515458822250366	-1.0	-4.861288471147418e-05	8.057781087700278e-06	4.877810351899825e-05	-0.9533770680427551	0.3017815351486206
0.18419337272644043	1.4408016204833984	0.23790819942951202	0.4992939829826355	0.9620652794837952	1.0	2	0.0	0	0.0	0	2.008337332881638e-06	0.13640201091766357	0.9906535744667053	-1.0	-2.1670064597856253e-05	5.011012490285793e-06	2.2151039956952445e-05	-0.9906535744667053	0.13640201091766357
0.1860174536705017	1.4389946460723877	0.2381570190191269	0.49910247325897217	0.9622567892074585	1.0	2	0.0	0	0.0	0	-0.5705520510673523	0.6154994964599609	0.5437193512916565	-1.0	2.201999450335279e-05	-1.34935260120983e-06	-1.5589874237775803e-05	-0.6620620489120483	0.7494490742683411
0.20769211649894714	2.0247535705566406	0.15750133991241455	0.4968266785144806	0.9001724123954773	1.0	2	0.0	0	0.0	0	-1.1584992535063066e-05	0.1364073008298874	0.990652859210968	-1.0	4.907623224426061e-05	-1.8451823052600957e-05	-5.113447332405485e-05	-0.990652859210968	0.1364073008298874
0.21014584600925446	1.7692724466323853	0.19267962872982025	0.49656903743743896	0.9272508025169373	1.0	2	0.0	0	0.0	0	-0.707107663154602	0.09645390510559082	0.70049649477005	-1.0	-0.00022869749227538705	3.142893183394335e-05	0.00023084691201802343	-0.9906213283538818	0.13663527369499207
0.21014584600925446	2.025831937789917	0.15735283493995667	0.49656903743743896	0.9000580906867981	1.0	2	0.0	0	0.0	0	-0.7300528883934021	-0.02243945188820362	0.6830222010612488	-1.0	8.517871174262837e-05	-2.7177798983757384e-05	-8.423768304055557e-05	-0.9994577765464783	-0.032925404608249664
0.1250360757112503	2.123453140258789	0.1439109444618225	0.5055054426193237	0.8897110819816589	1.0	2	0.0	0	0.0	0	-0.13947559893131256	-0.6337567567825317	0.7608540654182434	-1.0	1.837472700572107e-05	4.965048674421269e-07	-1.4436232959269546e-05	-0.7683631181716919	-0.640014111995697
0.18419337272644043	2.097743272781372	0.14745104312896729	0.4992939829826355	0.8924362063407898	1.0	2	0.0	0	0.0	0	4.752964287035866e-06	0.13641056418418884	0.9906524419784546	-1.0	-3.698325963341631e-05	9.890324690786656e-06	3.7986701499903575e-05	-0.9906524419784546	0.13641056418418884
0.1860174536705017	2.099550247192383	0.14720222353935242	0.49910247325897217	0.8922446966171265	1.0	2	0.0	0	0.0	0	-0.5705521702766418	-0.4456537365913391	0.6898282766342163	-1.0	-3.893104076269083e-05	3.8046105146349873e-06	3.063655094592832e-05	-0.8399733901023865	-0.5426275134086609
-0.18236927688121796	2.0959362983703613	0.14769986271858215	0.5377824902534485	0.8926271796226501	1.0	2	0.0	0	0.0	0	-0.41841351985931396	0.5004361271858215	0.7579537034034729	-1.0	1.9662476915982552e-05	-1.6120162399602123e-05	-2.5290573830716312e-05	-0.8345213532447815	0.5509756803512573
-0.12305548787117004	2.118591547012329	0.14458034932613373	0.531554639339447	0.8902260661125183	1.0	2	0.0	0	0.0	0	-0.12086744606494904	0.7458127737045288	0.6550987362861633	-1.0	-2.484496326360386e-05	5.897571554669412e-06	2.08270412258571e-05	-0.6599350571632385	0.7513226270675659
-4.85722573273506e-17	2.1210224628448486	0.14424565434455872	0.518634021282196	0.8899685740470886	1.0	2	0.0	0	0.0	0	0.0	0.1364051252603531	0.9906531572341919	-1.0	-1.2526172213256359e-05	1.7247549521925976e-06	1.2644357411772944e-05	-0.9906531572341919	0.1364051252603531
-0.20523838698863983	2.023674964904785	0.15764984488487244	0.5401836633682251	0.900286078453064	1.0	2	0.0	0	0.0	0	-0.6617853045463562	0.20168544352054596	0.7220548391342163	-1.0	-5.389661055232864e-06	-8.522930329490919e-06	2.8980662136746105e-06	-0.9631327986717224	0.26902633905410767
-0.20769211649894714	1.7692724466323853	0.19267962872982025	0.5404413342475891	0.9272501468658447	1.0	2	0.0	0	0.0	0	-4.193800862140051e-08	0.13640767335891724	0.9906527996063232	-1.0	-9.877020978876772e-09	-4.0973691994850014e-08	4.195572333998143e-09	-0.9906527996063232	0.13640767335891724
-0.20523838698863983	1.7692724466323853	0.19267962872982025	0.5401836633682251	0.9272501468658447	1.0	2	0.0	0	0.0	0	-0.7071067690849304	0.09645556658506393	0.7004972100257874	-1.0	0.0	0.0	0.0	-0.9906526207923889	0.1364087611436844
-0.18236927688121796	1.4426087141036987	0.23765937983989716	0.5377824902534485	0.9618731737136841	1.0	2	0.0	0	0.0	0	-0.41840580105781555	-0.276968777179718	0.8649999499320984	-1.0	9.076716378331184e-05	-1.2905098628834821e-05	-8.250708924606442e-05	-0.952358603477478	-0.30498048663139343
-0.20523838698863983	1.514870047569275	0.22770939767360687	0.5401836633682251	0.9542142152786255	1.0	2	0.0	0	0.0	0	-0.6617839336395264	0.0009642254444770515	0.7496939897537231	-1.0	-1.721007514277062e-08	-6.2172816797101405e-06	9.2136067664228e-09	-0.9999992251396179	0.0012861659051850438
-0.12305548787117004	1.4199533462524414	0.24077889323234558	0.531554639339447	0.964274525642395	1.0	2	0.0	0	0.0	0	-0.12087026983499527	-0.5410200357437134	0.8322785496711731	-1.0	-3.0737704946659505e-05	3.922924406651873e-06	2.3633283490198664e-05	-0.8384272456169128	-0.5450135469436646
-6.245004513516506e-17	1.4175225496292114	0.2411136031150818	0.518634021282196	0.9645323157310486	1.0	2	0.0	0	0.0	0	0.0	0.13641709089279175	0.990651547908783	-1.0	-1.4801948964304756e-05	2.0382938146212837e-06	1.4941631889087148e-05	-0.990651547908783	0.13641709089279175
-5.551115123125783e-17	1.4199533462524414	0.24077889323234558	0.518634021282196	0.9642747044563293	1.0	2	0.0	0	0.0	0	0.0	-0.604047417640686	0.7969483733177185	-1.0	-1.3711797691939864e-05	1.8881748928833986e-06	9.787047929421533e-06	-0.7969483733177185	-0.604047417640686
0.18236927688121796	1.4426087141036987	0.23765937983989716	0.4994855225086212	0.9618737101554871	1.0	2	0.0	0	0.0	0	0.41840988397598267	-0.2769823670387268	0.8649936318397522	-1.0	-0.00010067746916320175	1.68813767231768e-05	9.073161345440894e-05	-0.9523524641990662	-0.3049996793270111
0.12305548787117004	1.4199533462524414	0.24077889323234558	0.5057133436203003	0.9642748832702637	1.0	2	0.0	0	0.0	0	0.12086724489927292	-0.5410028696060181	0.8322902321815491	-1.0	-3.174736048094928e-05	4.3714662751881406e-06	2.423566002107691e-05	-0.8384354710578918	-0.5450008511543274
0.20523838698863983	1.514870047569275	0.22770939767360687	0.4970843195915222	0.9542148113250732	1.0	2	0.0	0	0.0	0	0.6617822647094727	0.0009633725858293474	0.7496955394744873	-1.0	-2.270282493554987e-06	2.8109250251873164e-06	2.2738870484317886e-06	-0.9999991655349731	0.0012830101186409593
0.20769211649894714	1.7692724466323853	0.19267962872982025	0.4968266785144806	0.9272507429122925	1.0	2	0.0	0	0.0	0	2.296662771072988e-08	0.13640767335891724	0.9906527996063232	-1.0	-2.1597165869025048e-06	3.205639700354368e-07	2.1832565835211426e-06	-0.9906527996063232	0.13640767335891724
0.20523838698863983	1.7692724466323853	0.19267962872982025	0.4970843195915222	0.9272508025169373	1.0	2	0.0	0	0.0	0	0.7071058750152588	0.09645570814609528	0.7004981637001038	-1.0	0.00022724841255694628	-3.1291165214497596e-05	-0.00022939260816201568	-0.9906212687492371	0.13663600385189056
0.18236927688121796	2.0959362983703613	0.14769986271858215	0.4994855225086212	0.8926277160644531	1.0	2	0.0	0	0.0	0	0.41841575503349304	0.5004338622093201	0.757953941822052	-1.0	-3.693173857755028e-05	2.110474270011764e-05	4.2448551539564505e-05	-0.8345268964767456	0.5509672164916992
0.20523838698863983	2.023674964904785	0.15764984488487244	0.49708428978919983	0.9002867341041565	1.0	2	0.0	0	0.0	0	0.6617828607559204	0.20168636739253998	0.7220568060874939	-1.0	5.042109933128813e-06	2.5209868681486114e-07	-4.788396836374886e-06	-0.9631322622299194	0.2690284252166748
0.12305548787117004	2.118591547012329	0.14458034932613373	0.5057133436203003	0.8902263641357422	1.0	2	0.0	0	0.0	0	0.12086782604455948	0.7458193302154541	0.6550911664962769	-1.0	-3.8539135857718065e-05	4.067699592269491e-06	2.8489375836215913e-05	-0.659932017326355	0.7513253688812256
-5.551115123125783e-17	2.118591547012329	0.14458034932613373	0.518634021282196	0.8902261853218079	1.0	2	0.0	0	0.0	0	0.0	0.7969554662704468	0.6040380597114563	-1.0	-1.1426785022194963e-05	1.5732988458694308e-06	8.156061994668562e-06	-0.6040380597114563	0.7969554662704468
0.20523838698863983	2.047098159790039	0.44645753502845764	0.9604920148849487	0.08078739792108536	1.0	2	0.0	0	0.0	0	0.9045292735099792	0.339827299118042	0.25757360458374023	-2.667631520125724e-07	0.13725191354751587	0.9905361533164978	0.31599077582359314	-0.9397833347320557	0.13021951913833618
0.20523838698863983	2.044555425643921	0.3092937469482422	0.9461908936500549	0.07907669246196747	1.0	2	0.0	0	0.0	0	0.9884846210479736	0.1499069631099701	-0.020641230046749115	2.8144249597517046e-08	0.13725094497203827	0.9905363917350769	0.15132132172584534	-0.9791299700737	0.13567045331001282
0.20523838698863983	2.0653464794158936	0.4602888226509094	0.9621917009353638	0.07909034192562103	1.0	2	0.0	0	0.0	0	0.9177284836769104	0.19324494898319244	0.3470315933227539	-1.4347965304750687e-07	0.1372523009777069	0.990536093711853	0.1547868400812149	-0.9785981178283691	0.13559815287590027
0.1498452126979828	2.0860955715179443	0.47254833579063416	0.8594712018966675	0.49438589811325073	1.0	2	0.0	0	0.0	0	0.30151277780532837	0.4220792353153229	0.8549498915672302	-1.0	-1.0766296327346936e-05	2.6824025098903803e-06	1.0841371476999484e-05	-0.8966808319091797	0.44267749786376953
0.12383902072906494	2.1481950283050537	0.46399760246276855	0.8622018098831177	0.48780393600463867	1.0	2	0.0	0	0.0	0	0.10936249047517776	0.5712803602218628	0.8134363889694214	-1.0	-1.4089892829360906e-05	2.8060983368050074e-06	1.3143141586624552e-05	-0.8183456063270569	0.574726402759552
-8.326672684688674e-17	2.1481950283050537	0.46399760246276855	0.8752046823501587	0.48780375719070435	1.0	2	0.0	0	0.0	0	0.0	0.5158947706222534	0.8566520810127258	-1.0	-1.4950012882763986e-05	2.058520067294012e-06	1.3868939277017489e-05	-0.8566520810127258	0.5158947706222534
-0.13904550671577454	2.166499376296997	0.20205587148666382	0.12798617780208588	0.809255838394165	1.0	2	0.0	0	0.0	0	-0.05908452346920967	0.4339759647846222	0.898984968662262	-1.0	7.04233898431994e-05	-9.452180165681057e-06	-6.752965418854728e-05	-0.9005600214004517	0.4347318708896637
-0.20006558299064636	2.1221253871917725	0.20816592872142792	0.13439279794692993	0.8139594793319702	1.0	2	0.0	0	0.0	0	4.695106667895743e-07	0.13640767335891724	0.990652859210968	-1.0	6.682962703052908e-05	-8.728146895009559e-06	-6.739554373780265e-05	-0.990652859210968	0.13640767335891724
-0.13266268372535706	2.150831937789917	0.2042131870985031	0.12731586396694183	0.8109163641929626	1.0	2	0.0	0	0.0	0	4.679817777741846e-07	0.13640645146369934	0.9906529784202576	-1.0	6.696562195429578e-05	-8.748331310926005e-06	-6.753302295692265e-05	-0.9906529784202576	0.13640645146369934
-0.12627987563610077	2.135164499282837	0.2063705027103424	0.1266455352306366	0.812576949596405	1.0	2	0.0	0	0.0	0	0.07004961371421814	-0.20756684243679047	0.9757095575332642	-1.0	6.332988414214924e-05	-8.00257475930266e-06	-6.027866038493812e-05	-0.9781131148338318	-0.20807382464408875
-4.85722573273506e-17	2.150831937789917	0.2042131870985031	0.11338649690151215	0.8109154105186462	1.0	2	0.0	0	0.0	0	-4.087591420898207e-08	0.1364082396030426	0.9906527400016785	-1.0	6.620477506658062e-05	-9.157349268207327e-06	-6.68350767227821e-05	-0.9906527400016785	0.1364082396030426
-0.22904306650161743	2.0427963733673096	0.219089075922966	0.1374347060918808	0.8223677277565002	1.0	2	0.0	0	0.0	0	1.8623963171648938e-07	0.1364070475101471	0.9906529188156128	-1.0	6.123090861365199e-05	-8.2431361079216e-06	-6.1782993725501e-05	-0.990652859210968	0.1364070326089859
-0.24461683630943298	1.7779306173324585	0.2555595636367798	0.1390676200389862	0.8504409193992615	1.0	2	0.0	0	0.0	0	-0.28148287534713745	0.13089169561862946	0.9505971074104309	-1.0	7.161986286519095e-05	-9.802614840737078e-06	-7.228756294352934e-05	-0.9906557202339172	0.13638611137866974
-0.22904306650161743	1.7779306173324585	0.2555595636367798	0.13743239641189575	0.8504408001899719	1.0	2	0.0	0	0.0	0	2.1258732552098536e-09	0.13640698790550232	0.9906529188156128	-1.0	7.216184894787148e-05	-9.934108675224707e-06	-7.284242747118697e-05	-0.9906529188156128	0.13640698790550232
-0.18836748600006104	2.110536575317383	0.2097616195678711	0.1331644207239151	0.8151876926422119	1.0	2	0.0	0	0.0	0	0.20722919702529907	-0.06384633481502533	0.9762067794799805	-1.0	6.643298547714949e-05	-8.526125384378247e-06	-6.573509017471224e-05	-0.997869074344635	-0.06524914503097534
-0.24490243196487427	1.506093978881836	0.29298993945121765	0.1390952467918396	0.8792527914047241	1.0	2	0.0	0	0.0	0	-0.30674993991851807	0.08087874203920364	0.9483475685119629	-1.0	4.781520692631602e-05	-6.718859822285594e-06	-4.8213154514087364e-05	-0.9963843822479248	0.08495990186929703
-0.20006558299064636	1.433735966682434	0.30295324325561523	0.1343868225812912	0.8869217038154602	1.0	2	0.0	0	0.0	0	-8.379321911888837e-07	0.13640598952770233	0.9906530380249023	-1.0	6.127684173407033e-05	-9.283229701395612e-06	-6.197037873789668e-05	-0.9906530380249023	0.13640598952770233
-0.22904306650161743	1.5130648612976074	0.29203009605407715	0.1374301016330719	0.8785138726234436	1.0	2	0.0	0	0.0	0	3.3205452609763597e-07	0.1364077627658844	0.9906527996063232	-1.0	5.933361535426229e-05	-7.834743882995099e-06	-5.984773451928049e-05	-0.9906527996063232	0.1364077627658844
-0.2131836861371994	1.5200358629226685	0.29107022285461426	0.135764941573143	0.8777748942375183	1.0	2	0.0	0	0.0	0	0.35042232275009155	0.18846063315868378	0.9174348711967468	-1.0	7.356335845543072e-05	-8.776008144195657e-06	-7.382444891845807e-05	-0.9795406460762024	0.20124667882919312
-0.13266268372535706	1.4050294160842896	0.30690598487854004	0.1273093819618225	0.8899638056755066	1.0	2	0.0	0	0.0	0	-2.819827500388783e-07	0.1364065408706665	0.9906529188156128	-1.0	6.889158976264298e-05	-9.770571523404215e-06	-6.958041922189295e-05	-0.9906529188156128	0.1364065408706665
-5.551115123125783e-17	1.3896011114120483	0.30903035402297974	0.11337988078594208	0.891598105430603	1.0	2	0.0	0	0.0	0	4.029591593734949e-08	-0.1478424370288849	0.9890109300613403	-1.0	6.77431671647355e-05	-9.32991588342702e-06	-6.561938062077388e-05	-0.9890109300613403	-0.1478424370288849
-5.551115123125783e-17	1.4050294160842896	0.30690598487854004	0.11338001489639282	0.8899628520011902	1.0	2	0.0	0	0.0	0	-2.469566240392851e-08	0.13640867173671722	0.9906526803970337	-1.0	6.734838825650513e-05	-9.29851557884831e-06	-6.798725371481851e-05	-0.9906526803970337	0.13640867173671722
-0.18836748600006104	1.4453247785568237	0.30135753750801086	0.1331586390733719	0.8856933116912842	1.0	2	0.0	0	0.0	0	0.20722872018814087	0.3253040909767151	0.9226232171058655	-1.0	7.397111039608717e-05	-1.1654331501631532e-05	-7.363692566286772e-05	-0.9430902004241943	0.3325369954109192
0.13904550671577454	1.38936185836792	0.30906328558921814	0.09878033399581909	0.8916224837303162	1.0	2	0.0	0	0.0	0	0.05908513814210892	-0.174870565533638	0.9828169941902161	-1.0	6.191010470502079e-05	-8.007365067896899e-06	-5.95501514908392e-05	-0.9845376014709473	-0.17517313361167908
0.20006558299064636	1.433735966682434	0.30295324325561523	0.09237370640039444	0.886918842792511	1.0	2	0.0	0	0.0	0	7.040421223791782e-07	0.13640575110912323	0.9906530380249023	-1.0	6.225439574336633e-05	-7.86129203333985e-06	-6.274483166635036e-05	-0.9906530380249023	0.13640575110912323
0.13266268372535706	1.4050294160842896	0.30690598487854004	0.09945065528154373	0.8899618983268738	1.0	2	0.0	0	0.0	0	1.6474616870709724e-07	0.13640695810317993	0.9906529188156128	-1.0	6.513951666420326e-05	-8.803020136838313e-06	-6.573144491994753e-05	-0.9906529188156128	0.13640695810317993
0.12627987563610077	1.4206968545913696	0.30474865436553955	0.10012097656726837	0.8883013725280762	1.0	2	0.0	0	0.0	0	-0.07004918903112411	0.46354371309280396	0.8833008408546448	-1.0	6.873581151012331e-05	-9.648233572079334e-06	-6.53474053251557e-05	-0.8854780793190002	0.46468111872673035
0.22904306650161743	1.5130648612976074	0.29203009605407715	0.08933181315660477	0.878510594367981	1.0	2	0.0	0	0.0	0	-3.530101082560577e-07	0.1364075243473053	0.990652859210968	-1.0	6.415692041628063e-05	-9.190399396175053e-06	-6.481087621068582e-05	-0.990652859210968	0.1364075243473053
0.24461683630943298	1.7779306173324585	0.2555595636367798	0.08769889175891876	0.8504374027252197	1.0	2	0.0	0	0.0	0	0.28148436546325684	0.1308918297290802	0.9505965709686279	-1.0	7.22743570804596e-05	-9.984320968214888e-06	-7.296072726603597e-05	-0.990649938583374	0.13642854988574982
0.22904306650161743	1.7779306173324585	0.2555595636367798	0.08933411538600922	0.8504375219345093	1.0	2	0.0	0	0.0	0	-1.0100238867494227e-08	0.13640697300434113	0.9906529188156128	-1.0	7.196955266408622e-05	-9.91997239907505e-06	-7.265000022016466e-05	-0.9906529188156128	0.13640697300434113
0.18836748600006104	1.4453247785568237	0.30135753750801086	0.09360209107398987	0.8856906294822693	1.0	2	0.0	0	0.0	0	-0.20722931623458862	0.32530415058135986	0.9226230382919312	-1.0	6.558622408192605e-05	-7.961968549352605e-06	-6.45017862552777e-05	-0.9430999159812927	0.33250951766967773
0.24490243196487427	2.049767255783081	0.2181292176246643	0.08767127245664597	0.8216255307197571	1.0	2	0.0	0	0.0	0	0.30674710869789124	0.17843645811080933	0.93491530418396	-1.0	7.881601777626202e-05	-1.1528448339959141e-05	-7.957976777106524e-05	-0.9822647571563721	0.18749959766864777
0.20006558299064636	2.1221253871917725	0.20816592872142792	0.09237969666719437	0.813956618309021	1.0	2	0.0	0	0.0	0	-7.449229997291695e-07	0.13640744984149933	0.990652859210968	-1.0	7.269640627782792e-05	-1.0761847988760564e-05	-7.348490180447698e-05	-0.990652859210968	0.13640744984149933
0.22904306650161743	2.0427963733673096	0.219089075922966	0.08933641761541367	0.8223645091056824	1.0	2	0.0	0	0.0	0	1.7077614700156118e-07	0.13640710711479187	0.9906529188156128	-1.0	6.621244392590597e-05	-8.944677574618254e-06	-6.681367085548118e-05	-0.9906529188156128	0.13640710711479187
0.2131836861371994	2.035825490951538	0.2200489342212677	0.09100156277418137	0.8231034278869629	1.0	2	0.0	0	0.0	0	-0.3504178524017334	0.06650228798389435	0.9342294931411743	-1.0	4.8018337110988796e-05	-5.1530882956285495e-06	-4.826299846172333e-05	-0.9974772334098816	0.07098641991615295
0.13266268372535706	2.150831937789917	0.2042131870985031	0.09945713728666306	0.8109145164489746	1.0	2	0.0	0	0.0	0	-4.1956454310820845e-07	0.13640637695789337	0.9906529784202576	-1.0	6.889622454764321e-05	-9.910078915709164e-06	-6.960405153222382e-05	-0.9906529784202576	0.13640637695789337
-5.4290811673558345e-17	2.166260242462158	0.20208880305290222	0.11338663101196289	0.8092802166938782	1.0	2	0.0	0	0.0	0	-1.1851308556742879e-07	0.409641295671463	0.9122467041015625	-1.0	6.578444299520925e-05	-9.051897905010264e-06	-6.371967174345627e-05	-0.9122467041015625	0.409641295671463
0.18836748600006104	2.110536575317383	0.2097616195678711	0.09360787272453308	0.815185010433197	1.0	2	0.0	0	0.0	0	-0.20722968876361847	-0.0638461634516716	0.9762066602706909	-1.0	7.090573490131646e-05	-1.1015387826773804e-05	-7.003545033512637e-05	-0.9978671669960022	-0.06527767330408096
-0.20769211649894714	2.0247535705566406	0.15750133991241455	0.5404413342475891	0.9001717567443848	1.0	2	0.0	0	0.0	0	8.85201916389633e-06	0.13640715181827545	0.990652859210968	-1.0	6.722485704813153e-05	-3.2093018376144755e-07	-6.664027750957757e-05	-0.990652859210968	0.13640715181827545
-0.12404578179121017	1.4175225496292114	0.2411136031150818	0.5316585898399353	0.9645321369171143	1.0	2	0.0	0	0.0	0	1.1467818694654852e-06	0.13641202449798584	0.9906522631645203	-1.0	-1.07864898382104e-05	2.6428936052980134e-06	1.1046183317375835e-05	-0.9906522631645203	0.13641202449798584
0.20769211649894714	1.5137914419174194	0.22785791754722595	0.4968266785144806	0.9543291330337524	1.0	2	0.0	0	0.0	0	2.6039551812573336e-06	0.13640670478343964	0.9906529188156128	-1.0	-3.0515759135596454e-05	6.830352958786534e-06	3.116223160759546e-05	-0.9906529188156128	0.13640670478343964
0.12404578179121017	2.1210224628448486	0.14424565434455872	0.505609393119812	0.889968752861023	1.0	2	0.0	0	0.0	0	7.085203037604515e-07	0.13640838861465454	0.9906527400016785	-1.0	-1.3141262570570689e-05	2.5246977202186827e-06	1.336281820840668e-05	-0.9906527400016785	0.13640838861465454
-0.17178019881248474	1.496813178062439	0.5536891222000122	0.8932413458824158	0.5568432807922363	1.0	2	0.0	0	0.0	0	-0.3501901924610138	-0.18736043572425842	0.9177488684654236	-1.0	-1.378209071845049e-05	7.291003498721693e-07	1.335773958999198e-05	-0.979791522026062	-0.20002147555351257
-0.1498452126979828	1.539878249168396	0.5477593541145325	0.8909382224082947	0.5522788763046265	1.0	2	0.0	0	0.0	0	-0.3015131950378418	-0.17529651522636414	0.9372091889381409	-1.0	-1.602297015779186e-05	1.0569337973720394e-06	1.555553899379447e-05	-0.982954740524292	-0.1838477998971939
-0.19099418818950653	1.564845323562622	0.5443214774131775	0.8952587842941284	0.5496325492858887	1.0	2	0.0	0	0.0	0	-0.4089447855949402	0.07658516615629196	0.9093399047851562	-1.0	-1.7458954971516505e-05	7.342368348872697e-07	1.7458980437368155e-05	-0.9964715838432312	0.08393130451440811
0.1498452126979828	1.539878249168396	0.5477593541145325	0.8594712018966675	0.5522792935371399	1.0	2	0.0	0	0.0	0	0.3015243113040924	-0.17530807852745056	0.9372033476829529	-1.0	-2.0284078345866874e-05	3.925398686988046e-06	1.9216469809180126e-05	-0.9829502701759338	-0.18387141823768616
0.19099418818950653	1.8129868507385254	0.5101538300514221	0.8551506400108337	0.5233326554298401	1.0	2	0.0	0	0.0	0	0.3942098021507263	0.12536108493804932	0.9104301929473877	-1.0	-1.281614549952792e-05	2.4511784886271926e-06	1.3030708032601979e-05	-0.9906536936759949	0.13640175759792328
-0.24490243196487427	2.049767255783081	0.2181292176246643	0.13909997045993805	0.821628987789154	1.0	2	0.0	0	0.0	0	-0.30674654245376587	0.1784362941980362	0.9349155426025391	-1.0	6.134323484729975e-05	-7.007127805991331e-06	-6.15693352301605e-05	-0.982273280620575	0.1874547004699707
-0.2131836861371994	2.035825490951538	0.2200489342212677	0.13576942682266235	0.8231064677238464	1.0	2	0.0	0	0.0	0	0.3504182696342468	0.06650262326002121	0.9342293739318848	-1.0	6.0807924455730245e-05	-1.0404931344965007e-05	-6.139338074717671e-05	-0.9974743127822876	0.07102770358324051
-0.13904550671577454	1.38936185836792	0.30906328558921814	0.12797942757606506	0.8916244506835938	1.0	2	0.0	0	0.0	0	-0.0590849295258522	-0.17487230896949768	0.9828166961669922	-1.0	6.735149509040639e-05	-9.815751582209487e-06	-6.459042924689129e-05	-0.9845360517501831	-0.17518210411071777
-0.12627987563610077	1.4206968545913696	0.30474865436553955	0.12663932144641876	0.8883031606674194	1.0	2	0.0	0	0.0	0	0.07004880905151367	0.4635447561740875	0.8833003640174866	-1.0	6.939670856809244e-05	-9.559465979691595e-06	-6.58911230857484e-05	-0.8854732513427734	0.46469026803970337
0.24490243196487427	1.506093978881836	0.29298993945121765	0.08766654133796692	0.8792493343353271	1.0	2	0.0	0	0.0	0	0.3067496120929718	0.08087845146656036	0.9483476877212524	-1.0	6.10924544162117e-05	-8.246404831879772e-06	-6.157228199299425e-05	-0.9963813424110413	0.0849948450922966
0.2131836861371994	1.5200358629226685	0.29107022285461426	0.09099708497524261	0.8777718544006348	1.0	2	0.0	0	0.0	0	-0.35042276978492737	0.18846042454242706	0.9174347519874573	-1.0	6.779864634154364e-05	-1.0505979844310787e-05	-6.852600199636072e-05	-0.979551374912262	0.20119431614875793
0.13904550671577454	2.166499376296997	0.20205587148666382	0.0987870842218399	0.8092538714408875	1.0	2	0.0	0	0.0	0	0.05908450856804848	0.4339754283428192	0.8989852070808411	-1.0	7.013508002273738e-05	-9.886454790830612e-06	-6.745864811819047e-05	-0.900556743144989	0.43473851680755615
0.12627987563610077	2.135164499282837	0.2063705027103424	0.10012718290090561	0.8125751614570618	1.0	2	0.0	0	0.0	0	-0.0700497254729271	-0.20756712555885315	0.9757094979286194	-1.0	6.715185736538842e-05	-9.970197424991056e-06	-6.360736006172374e-05	-0.9781112670898438	-0.2080826312303543
0.20523838698863983	1.790152907371521	0.3443235158920288	0.9461908936500549	0.10601633787155151	1.0	2	0.0	0	0.0	0	1.0	0.0	9.854655758090303e-08	-9.761392760765375e-08	0.13725163042545319	0.9905362129211426	-1.352567569057328e-08	-0.9905362129211426	0.13725163042545319
0.20523838698863983	1.8247753381729126	0.4770701229572296	0.9604920148849487	0.10432998090982437	1.0	2	0.0	0	0.0	0	0.9045292139053345	-0.2575737535953522	0.33982735872268677	7.666746455470275e-07	0.13725614547729492	0.9905356764793396	-0.316482275724411	-0.9396204352378845	0.13020119071006775
0.20523838698863983	1.8109440803527832	0.49531856179237366	0.9621917009353638	0.10602996498346329	1.0	2	0.0	0	0.0	0	0.928594708442688	0.05062010511755943	0.367626816034317	3.9701674836578604e-07	0.13725395500659943	0.9905359148979187	-0.00034159256028942764	-0.9905359148979187	0.13725395500659943
-0.1498452126979828	1.6313514709472656	1.2120802402496338	0.8101136684417725	0.6961359977722168	1.0	2	0.0	0	0.0	0	-0.7071073055267334	-0.7004968523979187	0.0964544415473938	-4.83586448662976e-10	0.9904612898826599	-0.13779135048389435	0.0013972604647278786	-0.1377912163734436	-0.9904602766036987
-0.1498452126979828	2.0860955715179443	0.47254833579063416	0.8679227828979492	0.766443133354187	1.0	2	0.0	0	0.0	0	-0.3015233874320984	0.4220907390117645	0.8549404144287109	2.2080814954250627e-09	0.9904613494873047	-0.13779111206531525	-0.9487226605415344	-0.04355709254741669	-0.3130943477153778
-0.1498452126979828	1.539878249168396	0.5477593541145325	0.8101136088371277	0.7665239572525024	1.0	2	0.0	0	0.0	0	-0.3015131950378418	-0.17529651522636414	0.9372091889381409	5.553153048509785e-09	0.9904614090919495	-0.13779062032699585	-0.9486387968063354	-0.04359161853790283	-0.31334367394447327
-0.12886689603328705	2.334097146987915	2.4274425506591797	0.34695708751678467	0.8968538045883179	1.0	2	0.0	0	0.0	0	0.3015120327472687	-0.17531391978263855	0.9372062683105469	-1.0	-1.7144066077889875e-05	7.151686531869927e-07	1.67202470038319e-05	-0.982949435710907	-0.18387602269649506
0.1498452126979828	2.354879379272461	2.4245808124542236	0.3176927864551544	0.8946515321731567	1.0	2	0.0	0	0.0	0	0.5773394107818604	0.650705873966217	0.49321502447128296	-1.0	-1.0779805961647071e-05	2.784838216030039e-06	8.731010893825442e-06	-0.6040618419647217	0.7969374656677246
-0.1498452126979828	2.354879379272461	2.4245808124542236	0.34915977716445923	0.8946510553359985	1.0	2	0.0	0	0.0	0	-0.5773484110832214	0.650684654712677	0.4932326376438141	-1.0	-1.7249894881388173e-05	7.496926173189422e-07	1.1017713404726237e-05	-0.6040769219398499	0.7969260811805725
-0.1498452126979828	2.343717575073242	2.3435184955596924	0.867922842502594	0.5682048797607422	1.0	2	0.0	0	0.0	0	-0.7070986032485962	0.7005054354667664	-0.09645546972751617	2.5315916030166363e-10	0.9904612898826599	-0.13779130578041077	-0.0013974672183394432	-0.13779115676879883	-0.9904602766036987
-0.1498452126979828	1.8086621761322021	2.4997918605804443	0.8101136684417725	0.5596967935562134	1.0	2	0.0	0	0.0	0	-0.5773423910140991	-0.49319204688072205	0.6507206559181213	1.2888000888722217e-08	0.9904614090919495	-0.1377907693386078	-0.7066249847412109	-0.09749910980463028	-0.7008388042449951
-0.1498452126979828	2.354879379272461	2.4245808124542236	0.8679227828979492	0.5596159100532532	1.0	2	0.0	0	0.0	0	-0.5773484110832214	0.650684654712677	0.4932326376438141	0.0	0.9904612302780151	-0.137791708111763	-0.7076196074485779	-0.09736273437738419	-0.6998535394668579
0.12886689603328705	1.822782039642334	2.448545217514038	0.8664045333862305	0.9551397562026978	1.0	2	0.0	0	0.0	0	-0.5773550271987915	0.6506980061531067	0.49320709705352783	0.001655539614148438	-0.136407271027565	-0.9906514286994934	-0.7076818346977234	-0.7000859379768372	0.0952153429389
-0.12886689603328705	1.829444408416748	2.4969303607940674	0.8612770438194275	0.9820868968963623	1.0	2	0.0	0	0.0	0	0.30147087574005127	0.42208030819892883	0.854964017868042	0.0016467698151245713	-0.13640731573104858	-0.990651547908783	-0.7054092884063721	0.7020154595375061	-0.09783630818128586
0.12886689603328705	1.829444408416748	2.4969303607940674	0.8612770438194275	0.9551312923431396	1.0	2	0.0	0	0.0	0	-0.3014700710773468	0.4220890998840332	0.8549599051475525	0.0016569123836234212	-0.1364072859287262	-0.9906514286994934	-0.7089255452156067	-0.698850154876709	0.0950421392917633
-0.12886689603328705	2.0465190410614014	2.4177379608154297	0.8035772442817688	0.27682897448539734	1.0	2	0.0	0	0.0	0	0.5773285627365112	0.6507067680358887	0.4932264983654022	-1.0	-1.4190724868967663e-05	1.9539857021300122e-06	1.012939537758939e-05	-0.6040710210800171	0.7969304919242859
0.12886689603328705	2.327434778213501	2.3790574073791504	0.7765156030654907	0.24705518782138824	1.0	2	0.0	0	0.0	0	-0.5773399472236633	-0.4931856393814087	0.6507277488708496	-1.0	-1.4191763511917088e-05	1.9541300844139187e-06	1.0130121154361404e-05	-0.7969725728034973	-0.6040154099464417
-0.12886689603328705	2.327434778213501	2.3790574073791504	0.8035772442817688	0.2470548003911972	1.0	2	0.0	0	0.0	0	0.5773540735244751	-0.49319061636924744	0.6507113575935364	-1.0	-1.4199800716596656e-05	1.9552478534023976e-06	1.0135534466826357e-05	-0.7969537377357483	-0.6040403842926025
-0.1498452126979828	1.7975002527236938	2.418729543685913	0.8101136088371277	0.5682857036590576	1.0	2	0.0	0	0.0	0	-0.7071211934089661	-0.7004830241203308	0.09645287692546844	7.1107866261854724e-09	0.9904613494873047	-0.13779067993164062	0.0013960530050098896	-0.13779054582118988	-0.9904603958129883
0.09200496226549149	2.1696789264678955	1.079569697380066	0.889209508895874	0.42343467473983765	1.0	2	0.0	0	0.0	0	0.08675570785999298	0.9958798885345459	-0.026392951607704163	0.9999986886978149	-0.00022523751249536872	-0.0016204712446779013	-0.0016258438117802143	-0.02635127305984497	-0.9996514916419983
-0.1498452126979828	2.1775686740875244	1.136869192123413	0.863915205001831	0.41740405559539795	1.0	2	0.0	0	0.0	0	-0.7071164846420288	0.7004877328872681	-0.09645304828882217	0.9999987483024597	-0.00022144238755572587	-0.001621130621060729	-0.0016361786983907223	-0.1380276381969452	-0.9904269576072693
0.1498452126979828	2.1775686740875244	1.136869192123413	0.8952588438987732	0.4173525869846344	1.0	2	0.0	0	0.0	0	0.7071009278297424	0.7005032300949097	-0.09645508974790573	0.9999987483024597	-0.00022426767100114375	-0.0016206493601202965	-0.0016360882436856627	-0.13478580117225647	-0.9908733367919922
-0.07838822901248932	2.1245038509368896	0.5670963525772095	0.8716225624084473	0.47745683789253235	1.0	2	0.0	0	0.0	0	-0.4470888674259186	0.8387336730957031	-0.3108654320240021	0.9999980926513672	-0.001229411456733942	-0.0015005228342488408	-0.0018348321318626404	-0.34839314222335815	-0.9373467564582825
0.09200496226549149	2.0939853191375732	0.5298479199409485	0.889209508895874	0.4816898703575134	1.0	2	0.0	0	0.0	0	0.08676103502511978	0.9659527540206909	-0.24373753368854523	0.999998152256012	-0.0012301723472774029	-0.0015014472883194685	-0.0017566648311913013	-0.24451136589050293	-0.9696447849273682
-0.09200496226549149	2.0939853191375732	0.5298479199409485	0.8699644804000854	0.4817214608192444	1.0	2	0.0	0	0.0	0	-0.08675607293844223	0.9659526944160461	-0.24373924732208252	0.999998152256012	-0.0012292338069528341	-0.0015003071166574955	-0.001755583449266851	-0.2448095679283142	-0.9695695638656616
0.07838822901248932	2.1245038509368896	0.5670963525772095	0.888019323348999	0.47742989659309387	1.0	2	0.0	0	0.0	0	0.44708696007728577	0.838731586933136	-0.31087419390678406	0.9999987483024597	-0.00022354352404363453	-0.0016200236277654767	-0.0015970102977007627	-0.3467942774295807	-0.9379398822784424
0.05204978585243225	2.1854021549224854	1.0093669891357422	0.8852646946907043	0.43056604266166687	1.0	2	0.0	0	0.0	0	-0.30151495337486267	0.8549479842185974	-0.4220814108848572	0.9999986886978149	-0.0002287562529090792	-0.0016164359403774142	-0.0015504389302805066	-0.4431222975254059	-0.8964598774909973
0.07838822901248932	2.188994884490967	1.035459280014038	0.888019323348999	0.42779648303985596	1.0	2	0.0	0	0.0	0	0.4470875859260559	0.8915378451347351	0.07261627912521362	0.9999987483024597	-0.00022889683896210045	-0.0016163063701242208	-0.0015921028098091483	0.08197476714849472	-0.9966331720352173
-0.05204978585243225	2.1854021549224854	1.0093669891357422	0.8743772506713867	0.4305839240550995	1.0	2	0.0	0	0.0	0	0.3015144467353821	0.8549472093582153	-0.42208331823349	0.9999986886978149	-0.00021406906307674944	-0.0016227256273850799	-0.0015500840963795781	-0.4422450661659241	-0.8968929052352905
-0.07838822901248932	2.1245038509368896	0.5670963525772095	0.8716225624084473	0.47745683789253235	1.0	2	0.0	0	0.0	0	-0.4470888674259186	0.8387336730957031	-0.3108654320240021	0.9999986886978149	-0.00022471477859653533	-0.0016235520597547293	-0.0016001646872609854	-0.3482832908630371	-0.9373879432678223
-0.07838822901248932	2.188994884490967	1.035459280014038	0.8716225624084473	0.42782339453697205	1.0	2	0.0	0	0.0	0	-0.44708535075187683	0.8915382623672485	0.07262490689754486	0.9999986886978149	-0.00021375474170781672	-0.0016225730068981647	-0.0016001365147531033	0.08039402216672897	-0.9967619180679321
-0.05204978585243225	2.1131463050842285	0.595247209072113	0.9456757307052612	0.8323702216148376	1.0	2	0.0	0	0.0	0	0.577357292175293	0.6507061123847961	0.4931938350200653	-3.4274294193892274e-06	-0.9906524419784546	0.13641083240509033	0.7071017026901245	-0.09646011143922806	-0.7005017399787903
0.05204978585243225	2.128096580505371	0.5931885838508606	0.9440911412239075	0.843300461769104	1.0	2	0.0	0	0.0	0	-0.3015148639678955	0.9372057318687439	0.17531174421310425	-3.397725595277734e-05	-0.9906519055366516	0.13641461730003357	0.7070785164833069	0.09643976390361786	0.7005279660224915
-0.05204978585243225	2.128096580505371	0.5931885838508606	0.9440911412239075	0.8323702216148376	1.0	2	0.0	0	0.0	0	0.3015167713165283	0.937204897403717	0.17531290650367737	0.0	-0.9906525015830994	0.1364104002714157	0.7071089744567871	-0.09645641595125198	-0.7004948854446411
0.05204978585243225	2.1704516410827637	1.0114256143569946	0.7442766427993774	0.9300010800361633	1.0	2	0.0	0	0.0	0	-0.5773484110832214	0.49320414662361145	-0.6507061719894409	0.0	0.9906542301177979	-0.1363968402147293	0.707109808921814	-0.09644672274589539	-0.7004953622817993
-0.05204978585243225	2.1854021549224854	1.0093669891357422	0.7458612322807312	0.9190706610679626	1.0	2	0.0	0	0.0	0	0.3015144467353821	0.8549472093582153	-0.42208331823349	0.0	0.9906511306762695	-0.1364196389913559	0.707096517086029	0.09646464884281158	0.7005062699317932
0.05204978585243225	2.1854021549224854	1.0093669891357422	0.745861291885376	0.9300010800361633	1.0	2	0.0	0	0.0	0	-0.30151495337486267	0.8549479842185974	-0.4220814108848572	0.0	0.9906546473503113	-0.13639429211616516	0.7071207761764526	-0.09644341468811035	-0.7004847526550293
0.16565723717212677	2.0673725605010986	-1.0012434720993042	0.9949448704719543	0.1787368655204773	1.0	2	0.0	0	0.0	0	0.43882736563682556	0.8360556960105896	-0.3293044865131378	0.15478123724460602	-0.978405237197876	0.1369887739419937	-0.3424746096134186	-0.1831989735364914	-0.9214929342269897
0.1600387990474701	2.1699414253234863	-0.5192437767982483	0.9911576509475708	0.1271328330039978	1.0	2	0.0	0	0.0	0	0.6849942207336426	0.6847188472747803	0.24888363480567932	0.15477947890758514	-0.9784059524536133	0.13698549568653107	0.3977135717868805	-0.0652180016040802	-0.9151887893676758
