9140	8322	3
-0.4796349108219147	1.2454633712768555	-0.5652551651000977	-2.0728894156718525e-08	0.8896250128746033	1.0	0	0.0	0	0.0	0	0.6855089068412781	-0.728064239025116	-3.5398221598370583e-07	0.0	0.9950857162475586	0.09901771694421768	-0.10458730906248093	-0.0984746590256691	0.989628255367279
-0.4796349108219147	1.5461751222610474	-0.5652551651000977	0.03234529495239258	0.8864021897315979	1.0	0	0.0	0	0.0	0	1.0	0.0	-6.600208823925868e-09	6.535335050905644e-10	0.9950857162475586	0.09901713579893112	6.567773436216839e-09	-0.09901713579893112	0.9950857162475586
-0.4796349108219147	1.2512969970703125	-0.5066003799438477	0.0012549349339678884	0.895879864692688	1.0	0	0.0	0	0.0	0	0.6859121322631836	-0.7137022018432617	0.14196403324604034	0.0	0.9950856566429138	0.09901763498783112	-0.2952125370502472	-0.09460458159446716	0.9507362842559814
-0.4796349108219147	1.2683537006378174	-0.6803326606750488	0.0012310742167755961	0.8769853711128235	1.0	0	0.0	0	0.0	0	0.6855089664459229	-0.6726433038711548	-0.278618723154068	-4.1826460517313535e-08	0.995085597038269	0.09901849180459976	0.2937285602092743	-0.09465066343545914	0.9511913061141968
-0.4796349108219147	1.2512969970703125	-0.6239104270935059	-3.484195154612735e-10	0.883245050907135	1.0	0	0.0	0	0.0	0	0.685912013053894	-0.7137021422386169	-0.14196501672267914	0.0	0.9950857758522034	0.09901716560125351	0.10238571465015411	-0.09849680215120316	0.9898563623428345
-0.5016011595726013	1.2878637313842773	-0.5652551651000977	0.8022763729095459	0.5640432238578796	1.0	0	0.0	0	0.0	0	-1.0	0.0	-1.5892601368250325e-07	1.229504960065242e-07	0.6336332559585571	-0.7736335396766663	1.0070080946888993e-07	-0.7736335396766663	-0.6336332559585571
-0.5016011595726013	1.2512969970703125	-0.6239104270935059	0.8046795129776001	0.5711278915405273	1.0	0	0.0	0	0.0	0	-0.6859200596809387	-0.71369469165802	-0.1419634371995926	9.681476598188965e-08	0.6336349248886108	-0.7736321687698364	0.6833972334861755	-0.5647876858711243	-0.462583065032959
-0.5016011595726013	1.2454633712768555	-0.5652551651000977	0.7993688583374023	0.5675936341285706	1.0	0	0.0	0	0.0	0	-0.6855089664459229	-0.728064239025116	-4.0213424767898687e-07	2.1728043009261455e-07	0.6336327791213989	-0.7736339569091797	0.6348463296890259	-0.5977393984794617	-0.48956888914108276
-0.5016011595726013	1.3075265884399414	-0.4664039611816406	0.7953488826751709	0.5556173324584961	1.0	0	0.0	0	0.0	0	-1.0	0.0	-9.111963805708001e-08	7.049326455899063e-08	0.6336325407028198	-0.773634135723114	5.773636857497877e-08	-0.773634135723114	-0.6336325407028198
-0.5016011595726013	1.2512969970703125	-0.5066003799438477	0.7948582768440247	0.5630825161933899	1.0	0	0.0	0	0.0	0	-0.685920238494873	-0.7136948108673096	0.1419621855020523	1.4024018923919357e-07	0.6336305737495422	-0.7736358642578125	0.5588016510009766	-0.6415772438049316	-0.5254706144332886
-0.5016011595726013	1.2683537006378174	-0.4501781463623047	0.7913042306900024	0.5577846765518188	1.0	0	0.0	0	0.0	0	-0.6855090260505676	-0.6726437211036682	0.2786177694797516	0.0	0.633634626865387	-0.7736324071884155	0.44834253191947937	-0.6915204524993896	-0.5663818120956421
-0.5016011595726013	1.3635214567184448	-0.3826017379760742	0.7921727299690247	0.5451812744140625	1.0	0	0.0	0	0.0	0	-1.0	0.0	-8.343594259940801e-08	6.454881429363013e-08	0.6336337924003601	-0.7736332416534424	5.286783633096093e-08	-0.7736332416534424	-0.6336337924003601
-0.5016011595726013	1.296189546585083	-0.3982205390930176	0.7888631224632263	0.55189049243927	1.0	0	0.0	0	0.0	0	-0.6859205961227417	-0.6050414443016052	0.4042745530605316	-7.118786271576028e-08	0.6336339116096497	-0.7736329436302185	0.29518693685531616	-0.7391594648361206	-0.6053988933563232
-0.5016011595726013	1.3335398435592651	-0.35262012481689453	0.7876067161560059	0.5456355810165405	1.0	0	0.0	0	0.0	0	-0.6855085492134094	-0.5148200392723083	0.5148187875747681	-2.8970575272069254e-07	0.6336346864700317	-0.7736324667930603	0.10456370562314987	-0.7693915367126465	-0.6301611661911011
-0.5016011595726013	1.4473236799240112	-0.32660675048828125	0.7932314276695251	0.5343238115310669	1.0	0	0.0	0	0.0	0	-1.0	0.0	-9.111584375887105e-08	7.049025896321837e-08	0.6336333751678467	-0.7736334800720215	5.7734037994805476e-08	-0.7736334800720215	-0.6336333751678467
-0.5016011595726013	1.3791401386260986	-0.31526994705200195	0.7876067161560059	0.539255678653717	1.0	0	0.0	0	0.0	0	-0.6859205961227417	-0.40427514910697937	0.6050409078598022	3.160755284170591e-07	0.6336326003074646	-0.7736340761184692	-0.10240457206964493	-0.7695669531822205	-0.6303015351295471
-0.5016011595726013	1.4310977458953857	-0.28743410110473633	0.7888392210006714	0.5329959988594055	1.0	0	0.0	0	0.0	0	-0.6855093240737915	-0.27861955761909485	0.672642707824707	0.0	0.6336260437965393	-0.7736395597457886	-0.29373791813850403	-0.7395111322402954	-0.6056742072105408
-0.5016011595726013	1.5461751222610474	-0.3069438934326172	0.7983638048171997	0.5246979594230652	1.0	0	0.0	0	0.0	0	-1.0	0.0	-3.189047959040181e-07	2.4671581400070863e-07	0.6336319446563721	-0.773634672164917	2.020682643433247e-07	-0.773634672164917	-0.6336319446563721
-0.5016011595726013	1.4875202178955078	-0.27037715911865234	0.7912802696228027	0.5271016359329224	1.0	0	0.0	0	0.0	0	-0.6859199404716492	-0.14196506142616272	0.7136944532394409	2.804806058520626e-07	0.6336283087730408	-0.7736375331878662	-0.44661620259284973	-0.692193329334259	-0.5669236183166504
-0.5016011595726013	1.5461751222610474	-0.2645435333251953	0.7948140501976013	0.521790087223053	1.0	0	0.0	0	0.0	0	-0.6855089068412781	-8.159811386576621e-07	0.728064239025116	0.0	0.633628785610199	-0.7736372947692871	-0.5583111047744751	-0.641834020614624	-0.5256785154342651
-0.5016011595726013	1.6450265645980835	-0.32660675048828125	0.8067886233329773	0.5177691578865051	1.0	0	0.0	0	0.0	0	-1.0	0.0	-4.555819899110247e-08	3.524528580101105e-08	0.6336351633071899	-0.7736320495605469	2.886727656914445e-08	-0.7736320495605469	-0.6336351633071899
-0.5016011595726013	1.604830026626587	-0.27037715911865234	0.799324631690979	0.5172786712646484	1.0	0	0.0	0	0.0	0	-0.685920000076294	0.14196349680423737	0.71369469165802	4.674661511216982e-07	0.6336303353309631	-0.7736359238624573	-0.6338047981262207	-0.5984018445014954	-0.4901089668273926
-0.5016011595726013	1.661252498626709	-0.28743410110473633	0.8046217560768127	0.5137239098548889	1.0	0	0.0	0	0.0	0	-0.6855092644691467	0.27861884236335754	0.6726429462432861	0.0	0.6336341500282288	-0.7736329436302185	-0.6834269762039185	-0.5647664666175842	-0.4625647962093353
-0.5016011595726013	1.72882878780365	-0.3826017379760742	0.8172231316566467	0.514592170715332	1.0	0	0.0	0	0.0	0	-1.0	0.0	-2.3388876968510885e-07	1.8094429776738252e-07	0.6336327791213989	-0.7736340761184692	1.481995894891952e-07	-0.7736340761184692	-0.6336327791213989
-0.5016011595726013	1.713210105895996	-0.31526994705200195	0.8105151057243347	0.5112822651863098	1.0	0	0.0	0	0.0	0	-0.6859204769134521	0.4042740762233734	0.6050418019294739	7.119049882930994e-08	0.6336331367492676	-0.7736336588859558	-0.7123132348060608	-0.5429837703704834	-0.44472286105155945
-0.5016011595726013	1.7588104009628296	-0.35262012481689453	0.816769003868103	0.5100255012512207	1.0	0	0.0	0	0.0	0	-0.685508668422699	0.5148182511329651	0.5148203372955322	2.8970950438633736e-07	0.6336334943771362	-0.7736334204673767	-0.7263773083686829	-0.5317151546478271	-0.435494065284729
-0.5016011595726013	1.7848236560821533	-0.4664039611816406	0.8280788660049438	0.515650749206543	1.0	0	0.0	0	0.0	0	-1.0	0.0	1.2078227484835224e-07	-9.344154960899687e-08	0.6336299777030945	-0.7736362814903259	-7.653127198636867e-08	-0.7736362814903259	-0.6336299777030945
-0.5016011595726013	1.7961606979370117	-0.3982205390930176	0.8231479525566101	0.5100253224372864	1.0	0	0.0	0	0.0	0	-0.6859204173088074	0.6050410866737366	0.4042752981185913	-2.581759588338173e-07	0.6336321830749512	-0.7736344337463379	-0.7260547876358032	-0.5319796800613403	-0.4357086718082428
-0.5016011595726013	1.8239965438842773	-0.4501781463623047	0.8294066190719604	0.5112578272819519	1.0	0	0.0	0	0.0	0	-0.6855089068412781	0.6726435422897339	0.27861854434013367	-2.8970828225283185e-07	0.6336324214935303	-0.7736342549324036	-0.7129202485084534	-0.5425074100494385	-0.444331556558609
-0.5016011595726013	1.8044865131378174	-0.5652551651000977	0.8377030491828918	0.5207837224006653	1.0	0	0.0	0	0.0	0	-1.0	0.0	5.762151644717051e-09	-4.457795910184359e-09	0.6336334943771362	-0.7736333608627319	-3.6510923173693755e-09	-0.7736333608627319	-0.6336334943771362
-0.5016011595726013	1.8410532474517822	-0.5066003799438477	0.8352999687194824	0.5136991143226624	1.0	0	0.0	0	0.0	0	-0.6859199404716492	0.7136948704719543	0.1419631689786911	-9.681645707360076e-08	0.6336342096328735	-0.7736328840255737	-0.6833974123001099	-0.5647879242897034	-0.46258237957954407
-0.5016011595726013	1.8468867540359497	-0.5652551651000977	0.8406105637550354	0.5172333121299744	1.0	0	0.0	0	0.0	0	-0.6855093240737915	0.7280638217926025	1.0684528888305067e-06	-2.172831869984293e-07	0.633631706237793	-0.7736349105834961	-0.6348466873168945	-0.5977399349212646	-0.48956796526908875
-0.5016011595726013	1.7848236560821533	-0.6641068458557129	0.8446305394172668	0.5292096734046936	1.0	0	0.0	0	0.0	0	-1.0	0.0	9.111597876199085e-08	-7.049025896321837e-08	0.6336348056793213	-0.773632287979126	-5.773425471033988e-08	-0.773632287979126	-0.6336348056793213
-0.5016011595726013	1.8410532474517822	-0.6239104270935059	0.8451212048530579	0.5217444896697998	1.0	0	0.0	0	0.0	0	-0.6859198212623596	0.7136952877044678	-0.14196129143238068	-1.402389955273975e-07	0.6336309313774109	-0.7736355662345886	-0.5588025450706482	-0.6415765881538391	-0.5254705548286438
-0.5016011595726013	1.8239965438842773	-0.6803326606750488	0.8486751914024353	0.5270422697067261	1.0	0	0.0	0	0.0	0	-0.6855090260505676	0.6726436614990234	-0.2786179482936859	0.0	0.6336258053779602	-0.7736397385597229	-0.44835013151168823	-0.691524088382721	-0.566371500492096
-0.5016011595726013	1.72882878780365	-0.7479090690612793	0.8478067517280579	0.5396457314491272	1.0	0	0.0	0	0.0	0	-1.0	0.0	8.34329938470546e-08	-6.454656187315777e-08	0.6336332559585571	-0.7736335396766663	-5.2865917865574374e-08	-0.7736335396766663	-0.6336332559585571
-0.5016011595726013	1.7961606979370117	-0.7322902679443359	0.8511162996292114	0.5329365134239197	1.0	0	0.0	0	0.0	0	-0.6859205961227417	0.6050414443016052	-0.4042745530605316	7.118851641507717e-08	0.6336350440979004	-0.7736321091651917	-0.2951856553554535	-0.7391589283943176	-0.6054002642631531
-0.5016011595726013	1.7588104009628296	-0.777890682220459	0.8523727655410767	0.5391914248466492	1.0	0	0.0	0	0.0	0	-0.6855084896087646	0.5148202776908875	-0.514818549156189	2.897042179483833e-07	0.6336343288421631	-0.7736327648162842	-0.10456469655036926	-0.7693917155265808	-0.6301607489585876
-0.5016011595726013	1.6450265645980835	-0.8039040565490723	0.8467480540275574	0.550503134727478	1.0	0	0.0	0	0.0	0	-1.0	0.0	9.111584375887105e-08	-7.049035133377402e-08	0.633632242679596	-0.7736344933509827	-5.773393851882247e-08	-0.7736344933509827	-0.633632242679596
-0.5016011595726013	1.713210105895996	-0.8152408599853516	0.8523727655410767	0.5455712676048279	1.0	0	0.0	0	0.0	0	-0.6859205961227417	0.40427500009536743	-0.6050410270690918	-3.1607677897227404e-07	0.6336288452148438	-0.7736372351646423	0.1023997962474823	-0.7695704102516174	-0.6302980780601501
-0.5016011595726013	1.661252498626709	-0.8430767059326172	0.8511402606964111	0.5518310070037842	1.0	0	0.0	0	0.0	0	-0.6855092644691467	0.2786199152469635	-0.6726425290107727	0.0	0.633634626865387	-0.7736324667930603	0.29374733567237854	-0.7395021915435791	-0.6056806445121765
-0.5016011595726013	1.5461751222610474	-0.8235669136047363	0.841615617275238	0.5601290464401245	1.0	0	0.0	0	0.0	0	-1.0	0.0	3.189053359164973e-07	-2.467153876750672e-07	0.6336351633071899	-0.7736320495605469	-2.0206962858537736e-07	-0.7736320495605469	-0.6336351633071899
-0.5016011595726013	1.604830026626587	-0.8601336479187012	0.848699152469635	0.5577253699302673	1.0	0	0.0	0	0.0	0	-0.6859190464019775	0.14196212589740753	-0.7136958837509155	-2.804795258271042e-07	0.633634626865387	-0.7736324071884155	0.4466254413127899	-0.69218510389328	-0.5669263005256653
-0.5016011595726013	1.5461751222610474	-0.865966796875	0.8451653718948364	0.5630369186401367	1.0	0	0.0	0	0.0	0	-0.6855105757713318	7.231453764688922e-07	-0.7280626893043518	0.0	0.633633017539978	-0.7736337780952454	0.558311939239502	-0.6418306231498718	-0.5256816744804382
-0.5016011595726013	1.4473236799240112	-0.8039040565490723	0.8331908583641052	0.5670578479766846	1.0	0	0.0	0	0.0	0	-1.0	0.0	4.555819899110247e-08	-3.524535330257095e-08	0.6336333155632019	-0.773633599281311	-2.8867193080373e-08	-0.773633599281311	-0.6336333155632019
-0.5016011595726013	1.4875202178955078	-0.8601336479187012	0.8406548500061035	0.5675483345985413	1.0	0	0.0	0	0.0	0	-0.6859191060066223	-0.1419607549905777	-0.7136961221694946	-4.6746617954340763e-07	0.633635401725769	-0.7736319303512573	0.6338064670562744	-0.5983976125717163	-0.49011191725730896
-0.5016011595726013	1.4310977458953857	-0.8430767059326172	0.8353577256202698	0.5711030960083008	1.0	0	0.0	0	0.0	0	-0.6855092644691467	-0.27861928939819336	-0.6726427674293518	0.0	0.6336341500282288	-0.7736329436302185	0.6834271550178528	-0.5647664070129395	-0.46256473660469055
-0.5016011595726013	1.3635214567184448	-0.7479090690612793	0.8227563500404358	0.5702348351478577	1.0	0	0.0	0	0.0	0	-1.0	0.0	2.3389019077058038e-07	-1.8094542042490502e-07	0.6336327791213989	-0.7736340761184692	-1.4820048477304226e-07	-0.7736340761184692	-0.6336327791213989
-0.5016011595726013	1.3791401386260986	-0.8152408599853516	0.8294643759727478	0.5735447406768799	1.0	0	0.0	0	0.0	0	-0.6859204769134521	-0.40427395701408386	-0.6050418615341187	-7.119127332089192e-08	0.6336331367492676	-0.7736336588859558	0.7123132348060608	-0.5429838299751282	-0.4447229206562042
-0.5016011595726013	1.3335398435592651	-0.777890682220459	0.8232104182243347	0.574801504611969	1.0	0	0.0	0	0.0	0	-0.685508668422699	-0.514818549156189	-0.5148200988769531	-2.897112381106126e-07	0.6336334943771362	-0.7736334204673767	0.7263772487640381	-0.5317150950431824	-0.4354940354824066
-0.5016011595726013	1.3075265884399414	-0.6641068458557129	0.8119006156921387	0.5691762566566467	1.0	0	0.0	0	0.0	0	-1.0	0.0	-1.2079088662630966e-07	9.344811502387529e-08	0.6336309909820557	-0.7736355066299438	7.653684974684438e-08	-0.7736355066299438	-0.6336309909820557
-0.5016011595726013	1.296189546585083	-0.7322902679443359	0.8168315291404724	0.5748016834259033	1.0	0	0.0	0	0.0	0	-0.6859204173088074	-0.6050410866737366	-0.4042752981185913	2.581759588338173e-07	0.6336321830749512	-0.7736344337463379	0.7260547876358032	-0.5319796800613403	-0.4357086718082428
-0.5016011595726013	1.2683537006378174	-0.6803326606750488	0.8105728030204773	0.5735691785812378	1.0	0	0.0	0	0.0	0	-0.6855089068412781	-0.6726434826850891	-0.2786186635494232	2.8970828225283185e-07	0.6336324214935303	-0.7736342549324036	0.7129201889038086	-0.5425073504447937	-0.44433149695396423
-0.5016011595726013	1.3302640914916992	-0.5652551651000977	0.8051839470863342	0.5604928135871887	1.0	0	0.0	0	0.0	0	-0.7300938367843628	-0.6833469271659851	-1.0195285540248733e-06	0.0	0.6336354613304138	-0.7736318111419678	0.586488664150238	-0.6266087889671326	-0.5132177472114563
-0.5016011595726013	1.292874813079834	-0.5148706436157227	0.7984018325805664	0.5601681470870972	1.0	0	0.0	0	0.0	0	-1.0	0.0	-4.2372991515549074e-07	3.2781238701318216e-07	0.6336312294006348	-0.77363520860672	2.6848849188354507e-07	-0.77363520860672	-0.6336312294006348
-0.5016011595726013	1.3344526290893555	-0.5231409072875977	0.8019453287124634	0.5572538375854492	1.0	0	0.0	0	0.0	0	-0.7296175360679626	-0.6707155108451843	0.13341279327869415	4.034858136492403e-07	0.6336361765861511	-0.7736311554908752	0.5115318894386292	-0.664753794670105	-0.5444608330726624
-0.5016011595726013	1.292874813079834	-0.6156396865844727	0.8068382143974304	0.5670791268348694	1.0	0	0.0	0	0.0	0	-1.0	0.0	1.2793631753993395e-07	-9.89756117064644e-08	0.6336352229118347	-0.7736319899559021	-8.10649538607322e-08	-0.7736319899559021	-0.6336352229118347
-0.5016011595726013	1.3466993570327759	-0.48262977600097656	0.7993935346603394	0.5534499883651733	1.0	0	0.0	0	0.0	0	-0.7300933599472046	-0.6313310265541077	0.2615048289299011	-1.7821179199017934e-07	0.6336333751678467	-0.7736334800720215	0.4042908847332001	-0.7075886726379395	-0.5795404314994812
-0.5016011595726013	1.3314374685287476	-0.4217720031738281	0.7932519316673279	0.5505542159080505	1.0	0	0.0	0	0.0	0	-1.0	0.0	-6.906820448904227e-09	5.343337772245604e-09	0.6336326599121094	-0.7736340761184692	4.376386808502275e-09	-0.7736340761184692	-0.6336326599121094
-0.5016011595726013	1.3666855096817017	-0.4453239440917969	0.7976408004760742	0.549217939376831	1.0	0	0.0	0	0.0	0	-0.7296179533004761	-0.5686044096946716	0.3799298107624054	-4.034975802369445e-07	0.6336302161216736	-0.7736361026763916	0.2633279263973236	-0.7463315725326538	-0.6112671494483948
-0.5016011595726013	1.393502950668335	-0.4125833511352539	0.7967387437820435	0.5447269678115845	1.0	0	0.0	0	0.0	0	-0.7300927639007568	-0.4832002818584442	0.483199805021286	-1.6811893033263914e-07	0.6336326003074646	-0.7736340761184692	0.09226295351982117	-0.7703343033790588	-0.6309300065040588
-0.5016011595726013	1.4026920795440674	-0.35051774978637695	0.7921727299690247	0.5397009253501892	1.0	0	0.0	0	0.0	0	-1.0	0.0	-1.0925625559821128e-07	8.452417432636139e-08	0.633634626865387	-0.7736325263977051	6.922854822732916e-08	-0.7736325263977051	-0.633634626865387
-0.5016011595726013	1.4262440204620361	-0.38576555252075195	0.7967386841773987	0.5401461720466614	1.0	0	0.0	0	0.0	0	-0.7296187281608582	-0.3799280822277069	0.568604588508606	-4.034906737615529e-07	0.6336343884468079	-0.7736327052116394	-0.09058129042387009	-0.7704523801803589	-0.6310294270515442
-0.5016011595726013	1.4635496139526367	-0.3657798767089844	0.7976236939430237	0.5356517434120178	1.0	0	0.0	0	0.0	0	-0.7300917506217957	-0.2615070343017578	0.6313320398330688	8.910528492833691e-08	0.6336371898651123	-0.7736302614212036	-0.2614063024520874	-0.746730387210846	-0.6116049289703369
-0.5016011595726013	1.4957906007766724	-0.31195497512817383	0.7953283190727234	0.5292605757713318	1.0	0	0.0	0	0.0	0	-1.0	0.0	-4.0828206238074927e-07	3.1586085924573126e-07	0.633633017539978	-0.7736338376998901	2.5870099307212513e-07	-0.7736338376998901	-0.633633017539978
-0.5016011595726013	1.5040608644485474	-0.3535327911376953	0.799376368522644	0.531419575214386	1.0	0	0.0	0	0.0	0	-0.729618489742279	-0.1334172785282135	0.6707136034965515	2.0174719850274414e-07	0.633635938167572	-0.7736313343048096	-0.40351635217666626	-0.7078513503074646	-0.5797594785690308
-0.5016011595726013	1.5461751222610474	-0.34934425354003906	0.8019136190414429	0.5276058912277222	1.0	0	0.0	0	0.0	0	-0.730093777179718	-7.141584887904173e-07	0.6833469271659851	-8.910528492833691e-08	0.6336356997489929	-0.7736316919326782	-0.5101025104522705	-0.665411114692688	-0.5449986457824707
-0.5016011595726013	1.5965596437454224	-0.31195497512817383	0.802238404750824	0.5208226442337036	1.0	0	0.0	0	0.0	0	-1.0	0.0	-5.175371029508824e-07	4.0038429460764746e-07	0.6336327791213989	-0.7736340165138245	3.2792846127449593e-07	-0.7736340165138245	-0.6336327791213989
-0.5016011595726013	1.5882893800735474	-0.3535327911376953	0.805152177810669	0.5243666768074036	1.0	0	0.0	0	0.0	0	-0.7296183109283447	0.13341565430164337	0.6707140803337097	-2.0174493897684442e-07	0.6336354613304138	-0.7736318707466125	-0.5864067077636719	-0.6266547441482544	-0.51325523853302
-0.5016011595726013	1.628800630569458	-0.3657798767089844	0.8089555501937866	0.5218144059181213	1.0	0	0.0	0	0.0	0	-0.7300918102264404	0.26150548458099365	0.6313326358795166	1.7821267306317168e-07	0.633634626865387	-0.7736324667930603	-0.6363940834999084	-0.5967522263526917	-0.48876312375068665
-0.5016011595726013	1.6896581649780273	-0.35051774978637695	0.8118509650230408	0.5156717896461487	1.0	0	0.0	0	0.0	0	-1.0	0.0	2.513051811092737e-07	-1.944186038826956e-07	0.6336310505867004	-0.7736353874206543	-1.5923477292290045e-07	-0.7736353874206543	-0.6336310505867004
-0.5016011595726013	1.6661062240600586	-0.38576555252075195	0.8131868839263916	0.5200612545013428	1.0	0	0.0	0	0.0	0	-0.7296187281608582	0.3799265921115875	0.5686055421829224	-4.0348840002479847e-07	0.6336305737495422	-0.7736358642578125	-0.6675843596458435	-0.5759984254837036	-0.4717593193054199
-0.5016011595726013	1.6988472938537598	-0.4125833511352539	0.8176772594451904	0.5191588997840881	1.0	0	0.0	0	0.0	0	-0.7300936579704285	0.48319998383522034	0.48319879174232483	-1.6811894454349385e-07	0.633632481098175	-0.7736341953277588	-0.6815517544746399	-0.56612229347229	-0.46367311477661133
-0.5016011595726013	1.7609127759933472	-0.42177248001098633	0.8227026462554932	0.5145920515060425	1.0	0	0.0	0	0.0	0	-1.0	0.0	8.25018773298325e-08	-6.382626338563568e-08	0.6336327791213989	-0.7736340761184692	-5.22758973886539e-08	-0.7736340761184692	-0.6336327791213989
-0.5016011595726013	1.725664734840393	-0.4453244209289551	0.8222573399543762	0.5191587805747986	1.0	0	0.0	0	0.0	0	-0.7296167612075806	0.5686050057411194	0.3799312710762024	4.034949654396769e-07	0.6336342692375183	-0.7736327648162842	-0.6821324229240417	-0.5657021999359131	-0.4633316993713379
-0.5016011595726013	1.7456508874893188	-0.48262977600097656	0.8267510533332825	0.5200437307357788	1.0	0	0.0	0	0.0	0	-0.7300940155982971	0.6313289403915405	0.26150810718536377	-1.782115646165039e-07	0.6336302757263184	-0.7736360430717468	-0.6672911643981934	-0.5762017965316772	-0.4719257652759552
-0.5016011595726013	1.7994754314422607	-0.5148706436157227	0.8331412076950073	0.5177478194236755	1.0	0	0.0	0	0.0	0	-1.0	0.0	-8.250392369291148e-08	6.382779105251757e-08	0.6336334943771362	-0.7736334204673767	5.2277250972565525e-08	-0.7736334204673767	-0.6336334943771362
-0.5016011595726013	1.7578976154327393	-0.5231409072875977	0.8309824466705322	0.5217965841293335	1.0	0	0.0	0	0.0	0	-0.7296174764633179	0.6707149744033813	0.1334155946969986	-4.0349951291318575e-07	0.6336288452148438	-0.7736372947692871	-0.6373199224472046	-0.5961644649505615	-0.4882737100124359
-0.5016011595726013	1.7620861530303955	-0.5652551651000977	0.8347954750061035	0.5243341326713562	1.0	0	0.0	0	0.0	0	-0.7300938367843628	0.6833469271659851	1.0561730050540064e-06	-3.6983244910970825e-08	0.633632242679596	-0.7736343741416931	-0.5864899158477783	-0.6266102194786072	-0.5132145285606384
-0.5016011595726013	1.7994754314422607	-0.6156396865844727	0.8415775895118713	0.5246587991714478	1.0	0	0.0	0	0.0	0	-1.0	0.0	4.23729204612755e-07	-3.2781068171061634e-07	0.6336345076560974	-0.7736325860023499	-2.684894582216657e-07	-0.7736325860023499	-0.6336345076560974
-0.5016011595726013	1.7578976154327393	-0.6073694229125977	0.8380340933799744	0.5275731086730957	1.0	0	0.0	0	0.0	0	-0.7296171188354492	0.6707161068916321	-0.13341183960437775	-4.0349453911403543e-07	0.6336343884468079	-0.7736327648162842	-0.5115340948104858	-0.6647540330886841	-0.5444583892822266
-0.5016011595726013	1.7456508874893188	-0.647881031036377	0.8405859470367432	0.5313769578933716	1.0	0	0.0	0	0.0	0	-0.7300944328308105	0.6313297748565674	-0.2615050673484802	1.7820875086727028e-07	0.6336377859115601	-0.7736298441886902	-0.40428557991981506	-0.7075872421264648	-0.5795459747314453
-0.5016011595726013	1.7609127759933472	-0.7087383270263672	0.8467274904251099	0.5342727303504944	1.0	0	0.0	0	0.0	0	-1.0	0.0	6.903482230313784e-09	-5.340742514903241e-09	0.6336362361907959	-0.7736311554908752	-4.374296480591511e-09	-0.7736311554908752	-0.6336362361907959
-0.5016011595726013	1.725664734840393	-0.6851863861083984	0.8423386216163635	0.5356090068817139	1.0	0	0.0	0	0.0	0	-0.7296165227890015	0.5686060190200806	-0.3799301087856293	4.034949654396769e-07	0.6336317658424377	-0.7736348509788513	-0.26332810521125793	-0.7463303208351135	-0.6112685799598694
-0.5016011595726013	1.6988472938537598	-0.7179274559020996	0.8432407379150391	0.5401000380516052	1.0	0	0.0	0	0.0	0	-0.7300936579704285	0.48320138454437256	-0.4831974506378174	1.6811951297768246e-07	0.633633017539978	-0.7736337780952454	-0.09226550161838531	-0.7703337669372559	-0.6309302449226379
-0.5016011595726013	1.6896581649780273	-0.7799930572509766	0.8478067517280579	0.5451260805130005	1.0	0	0.0	0	0.0	0	-1.0	0.0	1.0925572979658682e-07	-8.452430932948118e-08	0.6336286067962646	-0.7736373543739319	-6.922755346749909e-08	-0.7736373543739319	-0.6336286067962646
-0.5016011595726013	1.6661062240600586	-0.7447452545166016	0.8432407379150391	0.5446808338165283	1.0	0	0.0	0	0.0	0	-0.7296187281608582	0.37992796301841736	-0.5686046481132507	4.0349240748582815e-07	0.6336343884468079	-0.7736327052116394	0.09058145433664322	-0.7704523801803589	-0.6310294270515442
-0.5016011595726013	1.628800630569458	-0.7647309303283691	0.8423557877540588	0.5491752624511719	1.0	0	0.0	0	0.0	0	-0.7300916910171509	0.2615076005458832	-0.6313318014144897	-8.910552651286707e-08	0.6336304545402527	-0.7736358642578125	0.2613985240459442	-0.7467372417449951	-0.6115997433662415
-0.5016011595726013	1.5965596437454224	-0.8185558319091797	0.8446511626243591	0.5555663704872131	1.0	0	0.0	0	0.0	0	-1.0	0.0	4.082818065853644e-07	-3.158606887154747e-07	0.6336327791213989	-0.7736340761184692	-2.5870073727674026e-07	-0.7736340761184692	-0.6336327791213989
-0.5016011595726013	1.5882893800735474	-0.7769780158996582	0.8406031131744385	0.5534074306488037	1.0	0	0.0	0	0.0	0	-0.729618489742279	0.13341780006885529	-0.6707134246826172	-2.0174822168428364e-07	0.6336271166801453	-0.7736386060714722	0.40350857377052307	-0.7078606486320496	-0.579753577709198
-0.5016011595726013	1.5461751222610474	-0.7811665534973145	0.8380658626556396	0.5572211146354675	1.0	0	0.0	0	0.0	0	-0.7300937175750732	9.66597553997417e-07	-0.6833469867706299	8.910598836564532e-08	0.633632242679596	-0.7736344337463379	0.5101003646850586	-0.665414571762085	-0.5449965000152588
-0.5016011595726013	1.4957906007766724	-0.8185558319091797	0.8377410769462585	0.5640043020248413	1.0	0	0.0	0	0.0	0	-1.0	0.0	5.175382966626785e-07	-4.003845219813229e-07	0.6336343884468079	-0.7736326456069946	-3.2793005289022403e-07	-0.7736326456069946	-0.6336343884468079
-0.5016011595726013	1.5040608644485474	-0.7769780158996582	0.8348272442817688	0.5604603290557861	1.0	0	0.0	0	0.0	0	-0.7296183109283447	-0.13341499865055084	-0.6707141995429993	2.0174712744847056e-07	0.6336290240287781	-0.7736369967460632	0.5864037871360779	-0.6266606450080872	-0.5132513642311096
-0.5016011595726013	1.4635496139526367	-0.7647309303283691	0.8310239315032959	0.5630125999450684	1.0	0	0.0	0	0.0	0	-0.7300918102264404	-0.2615049481391907	-0.6313328742980957	-1.7821329834077915e-07	0.6336312890052795	-0.7736351490020752	0.6363930106163025	-0.5967550277709961	-0.48876115679740906
-0.5016011595726013	1.4026920795440674	-0.7799930572509766	0.828128457069397	0.569155216217041	1.0	0	0.0	0	0.0	0	-1.0	0.0	-2.5130376002380217e-07	1.9441750964688254e-07	0.6336310505867004	-0.7736353874206543	1.5923386342819867e-07	-0.7736353874206543	-0.6336310505867004
-0.5016011595726013	1.4262440204620361	-0.7447452545166016	0.8267925381660461	0.5647657513618469	1.0	0	0.0	0	0.0	0	-0.7296187877655029	-0.3799266815185547	-0.5686054825782776	4.0348493257624796e-07	0.6336305737495422	-0.7736358642578125	0.6675843596458435	-0.5759984254837036	-0.4717593193054199
-0.5016011595726013	1.393502950668335	-0.7179274559020996	0.8223022222518921	0.5656681060791016	1.0	0	0.0	0	0.0	0	-0.7300935983657837	-0.4832004904747009	-0.48319825530052185	1.6811681291528657e-07	0.633632481098175	-0.7736341953277588	0.6815518140792847	-0.56612229347229	-0.46367311477661133
-0.5016011595726013	1.3314374685287476	-0.7087383270263672	0.8172768354415894	0.5702349543571472	1.0	0	0.0	0	0.0	0	-1.0	0.0	-8.250345473470588e-08	6.382747130828648e-08	0.6336327791213989	-0.7736340761184692	5.2276895701197645e-08	-0.7736340761184692	-0.6336327791213989
-0.5016011595726013	1.3666855096817017	-0.6851863861083984	0.8177221417427063	0.5656682252883911	1.0	0	0.0	0	0.0	0	-0.7296167016029358	-0.5686052441596985	-0.37993091344833374	-4.0349326013711106e-07	0.6336342692375183	-0.7736327648162842	0.6821325421333313	-0.5657021999359131	-0.4633316993713379
-0.5016011595726013	1.3466993570327759	-0.647881031036377	0.8132284283638	0.5647832751274109	1.0	0	0.0	0	0.0	0	-0.7300944328308105	-0.6313289999961853	-0.26150697469711304	1.7821132303197373e-07	0.6336310505867004	-0.7736353278160095	0.6672905087471008	-0.5762017965316772	-0.471926748752594
-0.5016011595726013	1.3344526290893555	-0.6073694229125977	0.8089969754219055	0.5630304217338562	1.0	0	0.0	0	0.0	0	-0.7296171188354492	-0.6707156300544739	-0.13341428339481354	-2.4782992498473266e-12	0.6336356401443481	-0.7736316323280334	0.6373180747032166	-0.5961611270904541	-0.48828014731407166
-0.7068902254104614	1.4205149412155151	-0.5652551651000977	0.0023783391807228327	0.9753931164741516	1.0	0	0.0	0	0.0	0	0.0	-1.0	-5.505194167199079e-07	-0.9999940395355225	-1.913026403954632e-09	0.003477777587249875	-0.003477777587249875	5.50516119801614e-07	-0.9999940395355225
-0.6851456761360168	1.422952651977539	-0.5897660255432129	4.33569512097165e-05	0.9770272374153137	1.0	0	0.0	0	0.0	0	-0.7296041250228882	-0.6707297563552856	-0.13341449201107025	-0.9999926090240479	-0.0007515432662330568	0.0037783102598041296	-0.0038522968534380198	0.19911542534828186	-0.9799684882164001
-0.6851456761360168	1.4205149412155151	-0.5652551651000977	2.492561543476768e-05	0.9753875136375427	1.0	0	0.0	0	0.0	0	-0.7300814390182495	-0.68336021900177	2.547030362620717e-06	-0.9999939203262329	1.1175841585497892e-08	0.0034877529833465815	-0.0034877287689596415	0.0037224572151899338	-0.999987006187439
-0.7068902254104614	1.4300801753997803	-0.5171670913696289	0.0023562349379062653	0.9710521101951599	1.0	0	0.0	0	0.0	0	0.0	-0.9238796830177307	0.3826830983161926	-0.9999966025352478	0.0009969508973881602	0.0024068548809736967	-0.0026051606982946396	-0.38268178701400757	-0.9238765239715576
-0.6851456761360168	1.422952651977539	-0.5407447814941406	1.1269852620898746e-05	0.973365843296051	1.0	0	0.0	0	0.0	0	-0.7296032309532166	-0.6707302331924438	0.13341709971427917	-0.9999957084655762	0.0005704429931938648	0.002867798786610365	-0.00292396848089993	-0.19202975928783417	-0.9813847541809082
-0.6851456761360168	1.4300801753997803	-0.5171670913696289	2.8211736662342446e-06	0.971046507358551	1.0	0	0.0	0	0.0	0	-0.7300823330879211	-0.6313409209251404	0.2615118622779846	-0.9999966621398926	0.0009981306502595544	0.0024096830748021603	-0.0026082147378474474	-0.3801085948944092	-0.9249382019042969
-0.7068902254104614	1.457319974899292	-0.47640037536621094	0.0023562328424304724	0.9658733606338501	1.0	0	0.0	0	0.0	0	0.0	-0.7071036696434021	0.7071098685264587	-0.9999972581863403	0.0016769329085946083	0.0016769181238487363	-0.0023715307470411062	-0.7071079015731812	-0.7071017026901245
-0.6851456761360168	1.4417121410369873	-0.495455265045166	3.829830230728248e-09	0.9685136675834656	1.0	0	0.0	0	0.0	0	-0.7296046018600464	-0.5686129331588745	0.3799426555633545	-0.9999970197677612	0.0013526992406696081	0.0020244168117642403	-0.0024347519502043724	-0.5534146428108215	-0.8329023122787476
-0.6851456761360168	1.457319974899292	-0.47640037536621094	2.819128667397308e-06	0.965867817401886	1.0	0	0.0	0	0.0	0	-0.7300801873207092	-0.48320552706718445	0.48321348428726196	-0.9999972581863403	0.0016700428677722812	0.0016700148116797209	-0.002361769787967205	-0.7053242325782776	-0.7088809609413147
-0.7068902254104614	1.4980870485305786	-0.4491605758666992	0.002378338947892189	0.960645318031311	1.0	0	0.0	0	0.0	0	0.0	-0.38268786668777466	0.9238777756690979	-0.9999967217445374	0.002361488528549671	0.0009781736880540848	-0.002556061837822199	-0.9238747358322144	-0.3826866149902344
-0.6851456761360168	1.4763752222061157	-0.46079254150390625	1.1269667993474286e-05	0.963209331035614	1.0	0	0.0	0	0.0	0	-0.7296035289764404	-0.37993812561035156	0.5686174631118774	-0.9999971389770508	0.0020097752567380667	0.0013428889214992523	-0.0024171280674636364	-0.83003169298172	-0.5577110052108765
-0.6851456761360168	1.4980870485305786	-0.4491605758666992	2.4925348043325357e-05	0.9606397151947021	1.0	0	0.0	0	0.0	0	-0.7300811409950256	-0.26151180267333984	0.631342351436615	-0.9999967217445374	0.0023614969104528427	0.0009781685657799244	-0.0025560581125319004	-0.9228273630142212	-0.3852052390575409
-0.7068902254104614	1.5461751222610474	-0.43959522247314453	0.6584182977676392	0.28978410363197327	1.0	0	0.0	0	0.0	0	0.0	-1.8589203421015554e-07	1.0	-1.0	-0.00019521202193573117	-3.54702933691442e-11	0.00019521202193573117	-1.0	-1.8589203421015554e-07
-0.6851456761360168	1.5216646194458008	-0.4420328140258789	0.6560662388801575	0.2923070788383484	1.0	0	0.0	0	0.0	0	-0.7296051383018494	-0.13341505825519562	0.6707285642623901	-1.0	-0.00019596272613853216	-3.897907299688086e-05	0.00019980178331024945	-0.9808271527290344	-0.19487962126731873
-0.6851456761360168	1.5461751222610474	-0.43959522247314453	0.6560647487640381	0.2897845506668091	1.0	0	0.0	0	0.0	0	-0.730080246925354	1.2165697853561142e-06	0.6833614706993103	-1.0	-0.00019520737987477332	3.483362487344266e-10	0.00019520737987477332	-1.0	0.00021033320808783174
-0.7068902254104614	1.5942631959915161	-0.4491605758666992	0.6584170460700989	0.28448033332824707	1.0	0	0.0	0	0.0	0	0.0	0.3826882541179657	0.9238775968551636	-1.0	-0.0001824679784476757	7.558181823696941e-05	0.00019750231876969337	-0.923877477645874	0.3826881945133209
-0.6851456761360168	1.570685625076294	-0.4420328140258789	0.6560638546943665	0.28714150190353394	1.0	0	0.0	0	0.0	0	-0.7296047806739807	0.13341771066188812	0.6707284450531006	-1.0	-0.00018927537894342095	3.764968641917221e-05	0.00019298358529340476	-0.9807446599006653	0.19529438018798828
-0.6851456761360168	1.5942631959915161	-0.4491605758666992	0.6560634970664978	0.2844808101654053	1.0	0	0.0	0	0.0	0	-0.73008131980896	0.2615147829055786	0.6313408613204956	-1.0	-0.00018972778343595564	7.858922617742792e-05	0.00020536039664875716	-0.9237930178642273	0.3828921616077423
-0.7068902254104614	1.6350302696228027	-0.47640037536621094	0.6584182977676392	0.27951106429100037	1.0	0	0.0	0	0.0	0	0.0	0.7071036696434021	0.7071099281311035	-1.0	-0.000159761548275128	0.00015976012218743563	0.00022593594621866941	-0.7071099281311035	0.7071036696434021
-0.6851456761360168	1.615975022315979	-0.46079254150390625	0.6560638546943665	0.2819053530693054	1.0	0	0.0	0	0.0	0	-0.7296035289764404	0.3799404799938202	0.5686158537864685	-1.0	-0.00017744547221809626	0.00011856637138407677	0.00021341243700589985	-0.8313406705856323	0.5557630062103271
-0.6851456761360168	1.6350302696228027	-0.47640037536621094	0.6560647487640381	0.2795115113258362	1.0	0	0.0	0	0.0	0	-0.7300801277160645	0.4832083582878113	0.48321089148521423	-1.0	-0.00015862098371144384	0.00015862021245993674	0.0002243234048364684	-0.7069391012191772	0.7072743773460388
-0.7068902254104614	1.662269949913025	-0.5171670913696289	0.9717819094657898	0.17039543390274048	1.0	0	0.0	0	0.0	0	0.0	0.923879861831665	0.3826828896999359	0.9999964833259583	0.0010164626874029636	-0.0024539625737816095	-0.0026561494451016188	0.38268154859542847	-0.9238765835762024
-0.6851456761360168	1.6506381034851074	-0.495455265045166	0.9741004705429077	0.16814841330051422	1.0	0	0.0	0	0.0	0	-0.7296051979064941	0.5686149001121521	0.3799387514591217	0.9999961853027344	0.0015490015503019094	-0.002318229526281357	-0.0027881041169166565	0.5530948042869568	-0.8331136703491211
-0.6851456761360168	1.662269949913025	-0.5171670913696289	0.9741349816322327	0.17038989067077637	1.0	0	0.0	0	0.0	0	-0.7300813794136047	0.6313430666923523	0.2615092992782593	0.9999964833259583	0.0010150894522666931	-0.002450657309964299	-0.0026525589637458324	0.3800603449344635	-0.924957811832428
-0.7068902254104614	1.6718353033065796	-0.5652551651000977	0.9718232750892639	0.1755005121231079	1.0	0	0.0	0	0.0	0	0.0	1.0	8.555802537557611e-07	0.9999971985816956	2.029992174357176e-09	-0.002366184489801526	-0.002366184489801526	8.555778663321689e-07	-0.9999971985816956
-0.6851456761360168	1.6693975925445557	-0.5407447814941406	0.9741604924201965	0.17287176847457886	1.0	0	0.0	0	0.0	0	-0.7296038269996643	0.6707301139831543	0.1334145963191986	0.9999970197677612	0.00047800608444958925	-0.0024031284265220165	-0.0024501990992575884	0.1925225406885147	-0.9812894463539124
-0.6851456761360168	1.6718353033065796	-0.5652551651000977	0.9741763472557068	0.1754949688911438	1.0	0	0.0	0	0.0	0	-0.7300814390182495	0.6833601593971252	-1.3776997320746887e-06	0.9999971985816956	-3.5215630411755683e-09	-0.002363031730055809	-0.0023630240466445684	-0.002526599681004882	-0.9999939799308777
-0.7068902254104614	1.662269949913025	-0.6133432388305664	0.9718232750892639	0.18077164888381958	1.0	0	0.0	0	0.0	0	0.0	0.9238804578781128	-0.3826811611652374	0.9999969005584717	-0.0009494259720668197	-0.002292132703587413	-0.0024809844326227903	-0.3826800286769867	-0.9238777160644531
-0.6851456761360168	1.6693975925445557	-0.5897660255432129	0.974181592464447	0.17816054821014404	1.0	0	0.0	0	0.0	0	-0.7296046614646912	0.6707282662391663	-0.13341934978961945	0.9999972581863403	-0.00046295978245325387	-0.0023274002596735954	-0.0023729910608381033	-0.19757667183876038	-0.980284571647644
-0.6851456761360168	1.662269949913025	-0.6133432388305664	0.9741763472557068	0.18076609075069427	1.0	0	0.0	0	0.0	0	-0.7300795912742615	0.6313442587852478	-0.26151153445243835	0.9999969005584717	-0.0009506986243650317	-0.0022951876744627953	-0.002484284806996584	-0.38513320684432983	-0.9228576421737671
-0.7068902254104614	1.6350302696228027	-0.6541104316711426	0.9717819094657898	0.18540634214878082	1.0	0	0.0	0	0.0	0	0.0	0.7071036696434021	-0.7071098685264587	0.9999951124191284	-0.00220864568836987	-0.0022086261305958033	-0.0031234826892614365	-0.7071064114570618	-0.7071002125740051
-0.6851456761360168	1.6506381034851074	-0.6350555419921875	0.9741604924201965	0.18320953845977783	1.0	0	0.0	0	0.0	0	-0.7296062111854553	0.5686137080192566	-0.379938542842865	0.9999963045120239	-0.0015067782951518893	-0.0022550353314727545	-0.002712103072553873	-0.5579747557640076	-0.8298534750938416
-0.6851456761360168	1.6350302696228027	-0.6541104316711426	0.9741349816322327	0.18540078401565552	1.0	0	0.0	0	0.0	0	-0.7300801873207092	0.48320552706718445	-0.48321348428726196	0.9999951124191284	-0.002208661288022995	-0.0022086245007812977	-0.0031234752386808395	-0.7094648480415344	-0.7047339081764221
-0.7068902254104614	1.5942631959915161	-0.6813502311706543	0.9525183439254761	0.2319715917110443	1.0	0	0.0	0	0.0	0	0.0	0.38268864154815674	-0.9238773584365845	0.9999994039535522	-0.0010665124282240868	-0.0004417709424160421	-0.0011543873697519302	-0.9238768219947815	-0.3826884329319
-0.6851456761360168	1.615975022315979	-0.6697182655334473	0.9548595547676086	0.22998008131980896	1.0	0	0.0	0	0.0	0	-0.7296035289764404	0.37993812561035156	-0.5686174631118774	0.9999992251396179	-0.0010289555648341775	-0.0006875262479297817	-0.0012375133810564876	-0.8322017192840576	-0.5544716119766235
-0.6851456761360168	1.5942631959915161	-0.6813502311706543	0.9548718333244324	0.23196941614151	1.0	0	0.0	0	0.0	0	-0.7300811409950256	0.261511892080307	-0.6313422918319702	0.9999994039535522	-0.001061969087459147	-0.00043988419929519296	-0.0011494670761749148	-0.9243475198745728	-0.38155001401901245
-0.7068902254104614	1.5461751222610474	-0.690915584564209	0.9525359272956848	0.23678867518901825	1.0	0	0.0	0	0.0	0	0.0	1.8350877439843316e-07	-1.0	0.9999995231628418	-0.0009547050576657057	-1.7280393782570513e-10	-0.0009547050576657057	-0.9999995231628418	-1.8350868913330487e-07
-0.6851456761360168	1.570685625076294	-0.6884779930114746	0.9548819661140442	0.23426936566829681	1.0	0	0.0	0	0.0	0	-0.7296050190925598	0.13341404497623444	-0.670728862285614	0.9999995231628418	-0.0010008325334638357	-0.0001990746532101184	-0.001020438619889319	-0.9809972643852234	-0.19401921331882477
